wojewodztwo,powiat_miasto,liczba_nowych_zakazen,liczba_ponownych_zakazen,liczba_przypadkow,liczba_nowych_zakazen_na_10_tys_mieszkancow,liczba_ponownych_zakazen_na_10_tys_mieszkancow,liczba_na_10_tys_mieszkancow,zgony,zgony_w_wyniku_covid_bez_chorob_wspolistniejacych,zgony_w_wyniku_covid_i_chorob_wspolistniejacych,liczba_zlecen_poz,liczba_ozdrowiencow,liczba_osob_objetych_kwarantanna,liczba_wykonanych_testow,liczba_testow_z_wynikiem_pozytywnym,liczba_testow_z_wynikiem_negatywnym,liczba_pozostalych_testow,teryt,stan_rekordu_na
Cały kraj,Cały kraj,-,-,2306,-,-,0.6,28,10,18,2477,0,0,5678,2418,3244,16,t0000,2023-12-22
dolnośląskie,bolesławiecki,-,-,7,-,-,0.78,0,0,0,3,0,0,12,7,5,0,t0201,2023-12-22
dolnośląskie,dzierżoniowski,-,-,8,-,-,0.8,0,0,0,3,0,0,15,8,7,0,t0202,2023-12-22
dolnośląskie,głogowski,-,-,11,-,-,1.24,0,0,0,6,0,0,24,11,13,0,t0203,2023-12-22
dolnośląskie,górowski,-,-,1,-,-,0.29,0,0,0,1,0,0,3,1,2,0,t0204,2023-12-22
dolnośląskie,jaworski,-,-,4,-,-,0.8,0,0,0,0,0,0,4,4,0,0,t0205,2023-12-22
dolnośląskie,jeleniogórski,-,-,2,-,-,0.32,0,0,0,2,0,0,5,2,3,0,t0206,2023-12-22
dolnośląskie,kamiennogórski,-,-,0,-,-,0.0,0,0,0,0,0,0,0,0,0,0,t0207,2023-12-22
dolnośląskie,kłodzki,-,-,2,-,-,0.13,0,0,0,1,0,0,4,2,2,0,t0208,2023-12-22
dolnośląskie,legnicki,-,-,1,-,-,0.18,0,0,0,1,0,0,1,1,0,0,t0209,2023-12-22
dolnośląskie,lubański,-,-,0,-,-,0.0,1,1,0,0,0,0,0,0,0,0,t0210,2023-12-22
dolnośląskie,lubiński,-,-,3,-,-,0.28,0,0,0,4,0,0,4,3,1,0,t0211,2023-12-22
dolnośląskie,lwówecki,-,-,0,-,-,0.0,0,0,0,0,0,0,0,0,0,0,t0212,2023-12-22
dolnośląskie,milicki,-,-,3,-,-,0.81,0,0,0,3,0,0,3,3,0,0,t0213,2023-12-22
dolnośląskie,oleśnicki,-,-,1,-,-,0.09,0,0,0,1,0,0,2,1,1,0,t0214,2023-12-22
dolnośląskie,oławski,-,-,1,-,-,0.13,0,0,0,0,0,0,2,1,1,0,t0215,2023-12-22
dolnośląskie,polkowicki,-,-,3,-,-,0.48,0,0,0,8,0,0,5,3,2,0,t0216,2023-12-22
dolnośląskie,strzeliński,-,-,2,-,-,0.46,0,0,0,0,0,0,4,2,2,0,t0217,2023-12-22
dolnośląskie,średzki,-,-,3,-,-,0.54,0,0,0,2,0,0,21,3,18,0,t0218,2023-12-22
dolnośląskie,świdnicki,-,-,4,-,-,0.26,0,0,0,7,0,0,11,4,7,0,t0219,2023-12-22
dolnośląskie,trzebnicki,-,-,1,-,-,0.12,1,1,0,0,0,0,2,1,1,0,t0220,2023-12-22
dolnośląskie,wałbrzyski,-,-,1,-,-,0.18,0,0,0,0,0,0,6,3,3,0,t0221,2023-12-22
dolnośląskie,wołowski,-,-,0,-,-,0.0,0,0,0,0,0,0,0,0,0,0,t0222,2023-12-22
dolnośląskie,wrocławski,-,-,9,-,-,0.58,0,0,0,3,0,0,12,9,3,0,t0223,2023-12-22
dolnośląskie,ząbkowicki,-,-,6,-,-,0.93,0,0,0,5,0,0,6,6,0,0,t0224,2023-12-22
dolnośląskie,zgorzelecki,-,-,5,-,-,0.56,0,0,0,5,0,0,7,5,2,0,t0225,2023-12-22
dolnośląskie,złotoryjski,-,-,1,-,-,0.23,0,0,0,0,0,0,1,1,0,0,t0226,2023-12-22
dolnośląskie,Jelenia Góra,-,-,2,-,-,0.25,1,0,1,3,0,0,3,2,1,0,t0261,2023-12-22
dolnośląskie,Legnica,-,-,1,-,-,0.1,0,0,0,0,0,0,1,1,0,0,t0262,2023-12-22
dolnośląskie,Wrocław,-,-,32,-,-,0.5,0,0,0,28,0,0,67,33,34,0,t0264,2023-12-22
dolnośląskie,Wałbrzych,-,-,2,-,-,0.18,0,0,0,1,0,0,13,4,9,0,t0265,2023-12-22
kujawsko-pomorskie,aleksandrowski,-,-,1,-,-,0.18,0,0,0,0,0,0,2,1,1,0,t0401,2023-12-22
kujawsko-pomorskie,brodnicki,-,-,0,-,-,0.0,0,0,0,0,0,0,0,0,0,0,t0402,2023-12-22
kujawsko-pomorskie,bydgoski,-,-,8,-,-,0.67,0,0,0,8,0,0,22,8,14,0,t0403,2023-12-22
kujawsko-pomorskie,chełmiński,-,-,3,-,-,0.58,0,0,0,13,0,0,13,3,10,0,t0404,2023-12-22
kujawsko-pomorskie,golubsko-dobrzyński,-,-,2,-,-,0.44,0,0,0,2,0,0,2,2,0,0,t0405,2023-12-22
kujawsko-pomorskie,grudziądzki,-,-,6,-,-,1.49,0,0,0,7,0,0,12,6,6,0,t0406,2023-12-22
kujawsko-pomorskie,inowrocławski,-,-,19,-,-,1.19,0,0,0,25,0,0,53,20,31,2,t0407,2023-12-22
kujawsko-pomorskie,lipnowski,-,-,2,-,-,0.3,0,0,0,1,0,0,3,2,1,0,t0408,2023-12-22
kujawsko-pomorskie,mogileński,-,-,1,-,-,0.22,0,0,0,1,0,0,2,1,1,0,t0409,2023-12-22
kujawsko-pomorskie,nakielski,-,-,9,-,-,1.04,0,0,0,17,0,0,22,9,13,0,t0410,2023-12-22
kujawsko-pomorskie,radziejowski,-,-,4,-,-,0.99,0,0,0,7,0,0,7,4,3,0,t0411,2023-12-22
kujawsko-pomorskie,rypiński,-,-,5,-,-,1.15,0,0,0,2,0,0,5,5,0,0,t0412,2023-12-22
kujawsko-pomorskie,sępoleński,-,-,2,-,-,0.49,0,0,0,2,0,0,2,2,0,0,t0413,2023-12-22
kujawsko-pomorskie,świecki,-,-,7,-,-,0.71,0,0,0,4,0,0,28,8,20,0,t0414,2023-12-22
kujawsko-pomorskie,toruński,-,-,11,-,-,1.01,0,0,0,30,0,0,42,12,30,0,t0415,2023-12-22
kujawsko-pomorskie,tucholski,-,-,6,-,-,1.24,0,0,0,6,0,0,6,6,0,0,t0416,2023-12-22
kujawsko-pomorskie,wąbrzeski,-,-,1,-,-,0.29,0,0,0,6,0,0,11,1,10,0,t0417,2023-12-22
kujawsko-pomorskie,włocławski,-,-,11,-,-,1.28,0,0,0,5,0,0,27,11,16,0,t0418,2023-12-22
kujawsko-pomorskie,żniński,-,-,3,-,-,0.43,0,0,0,3,0,0,3,3,0,0,t0419,2023-12-22
kujawsko-pomorskie,Bydgoszcz,-,-,25,-,-,0.72,4,1,3,23,0,0,57,27,30,0,t0461,2023-12-22
kujawsko-pomorskie,Grudziądz,-,-,9,-,-,0.96,0,0,0,13,0,0,22,9,12,1,t0462,2023-12-22
kujawsko-pomorskie,Toruń,-,-,11,-,-,0.55,0,0,0,20,0,0,50,11,39,0,t0463,2023-12-22
kujawsko-pomorskie,Włocławek,-,-,6,-,-,0.55,0,0,0,0,0,0,25,6,19,0,t0464,2023-12-22
lubelskie,bialski,-,-,10,-,-,0.91,0,0,0,17,0,0,30,11,19,0,t0601,2023-12-22
lubelskie,biłgorajski,-,-,17,-,-,1.69,0,0,0,18,0,0,21,17,4,0,t0602,2023-12-22
lubelskie,chełmski,-,-,6,-,-,0.77,0,0,0,5,0,0,8,6,2,0,t0603,2023-12-22
lubelskie,hrubieszowski,-,-,7,-,-,1.12,0,0,0,13,0,0,11,8,3,0,t0604,2023-12-22
lubelskie,janowski,-,-,2,-,-,0.44,0,0,0,3,0,0,4,2,2,0,t0605,2023-12-22
lubelskie,krasnostawski,-,-,2,-,-,0.32,0,0,0,0,0,0,2,2,0,0,t0606,2023-12-22
lubelskie,kraśnicki,-,-,6,-,-,0.63,0,0,0,7,0,0,18,7,11,0,t0607,2023-12-22
lubelskie,lubartowski,-,-,7,-,-,0.79,0,0,0,6,0,0,13,7,6,0,t0608,2023-12-22
lubelskie,lubelski,-,-,14,-,-,0.9,0,0,0,23,0,0,58,21,37,0,t0609,2023-12-22
lubelskie,łęczyński,-,-,7,-,-,1.22,0,0,0,3,0,0,14,7,7,0,t0610,2023-12-22
lubelskie,łukowski,-,-,7,-,-,0.66,0,0,0,13,0,0,18,7,11,0,t0611,2023-12-22
lubelskie,opolski,-,-,8,-,-,1.36,0,0,0,16,0,0,21,8,13,0,t0612,2023-12-22
lubelskie,parczewski,-,-,2,-,-,0.58,0,0,0,0,0,0,3,3,0,0,t0613,2023-12-22
lubelskie,puławski,-,-,33,-,-,2.92,0,0,0,40,0,0,64,35,29,0,t0614,2023-12-22
lubelskie,radzyński,-,-,3,-,-,0.51,0,0,0,8,0,0,10,3,7,0,t0615,2023-12-22
lubelskie,rycki,-,-,9,-,-,1.61,0,0,0,10,0,0,14,9,5,0,t0616,2023-12-22
lubelskie,świdnicki,-,-,10,-,-,1.39,0,0,0,11,0,0,19,10,9,0,t0617,2023-12-22
lubelskie,tomaszowski,-,-,8,-,-,0.97,0,0,0,3,0,0,13,8,5,0,t0618,2023-12-22
lubelskie,włodawski,-,-,6,-,-,1.57,0,0,0,4,0,0,7,6,1,0,t0619,2023-12-22
lubelskie,zamojski,-,-,9,-,-,0.85,0,0,0,17,0,0,23,9,14,0,t0620,2023-12-22
lubelskie,Biała Podlaska,-,-,4,-,-,0.7,1,0,1,3,0,0,20,4,16,0,t0661,2023-12-22
lubelskie,Chełm,-,-,4,-,-,0.65,0,0,0,4,0,0,4,4,0,0,t0662,2023-12-22
lubelskie,Lublin,-,-,33,-,-,0.97,0,0,0,44,0,0,92,38,54,0,t0663,2023-12-22
lubelskie,Zamość,-,-,3,-,-,0.47,0,0,0,2,0,0,10,5,5,0,t0664,2023-12-22
lubuskie,gorzowski,-,-,5,-,-,0.69,0,0,0,9,0,0,15,5,10,0,t0801,2023-12-22
lubuskie,krośnieński,-,-,1,-,-,0.18,0,0,0,0,0,0,1,1,0,0,t0802,2023-12-22
lubuskie,międzyrzecki,-,-,1,-,-,0.17,0,0,0,0,0,0,1,1,0,0,t0803,2023-12-22
lubuskie,nowosolski,-,-,12,-,-,1.4,0,0,0,5,0,0,14,12,2,0,t0804,2023-12-22
lubuskie,słubicki,-,-,4,-,-,0.85,0,0,0,1,0,0,8,4,4,0,t0805,2023-12-22
lubuskie,strzelecko-drezdenecki,-,-,4,-,-,0.82,0,0,0,4,0,0,21,5,16,0,t0806,2023-12-22
lubuskie,sulęciński,-,-,0,-,-,0.0,1,1,0,0,0,0,0,0,0,0,t0807,2023-12-22
lubuskie,świebodziński,-,-,2,-,-,0.36,1,1,0,0,0,0,17,2,15,0,t0808,2023-12-22
lubuskie,zielonogórski,-,-,6,-,-,0.79,0,0,0,5,0,0,10,6,4,0,t0809,2023-12-22
lubuskie,żagański,-,-,4,-,-,0.51,0,0,0,3,0,0,9,4,5,0,t0810,2023-12-22
lubuskie,żarski,-,-,13,-,-,1.36,0,0,0,8,0,0,24,13,11,0,t0811,2023-12-22
lubuskie,wschowski,-,-,3,-,-,0.77,1,0,1,0,0,0,8,3,5,0,t0812,2023-12-22
lubuskie,Gorzów Wielkopolski,-,-,8,-,-,0.65,0,0,0,7,0,0,24,8,16,0,t0861,2023-12-22
lubuskie,Zielona Góra,-,-,6,-,-,0.42,0,0,0,6,0,0,15,6,9,0,t0862,2023-12-22
łódzkie,bełchatowski,-,-,1,-,-,0.09,0,0,0,1,0,0,1,1,0,0,t1001,2023-12-22
łódzkie,kutnowski,-,-,10,-,-,1.04,0,0,0,21,0,0,21,11,10,0,t1002,2023-12-22
łódzkie,łaski,-,-,0,-,-,0.0,0,0,0,0,0,0,0,0,0,0,t1003,2023-12-22
łódzkie,łęczycki,-,-,1,-,-,0.2,0,0,0,0,0,0,1,1,0,0,t1004,2023-12-22
łódzkie,łowicki,-,-,8,-,-,1.03,0,0,0,3,0,0,9,8,1,0,t1005,2023-12-22
łódzkie,łódzki wschodni,-,-,0,-,-,0.0,0,0,0,0,0,0,0,0,0,0,t1006,2023-12-22
łódzkie,opoczyński,-,-,3,-,-,0.4,0,0,0,2,0,0,12,3,9,0,t1007,2023-12-22
łódzkie,pabianicki,-,-,7,-,-,0.59,0,0,0,6,0,0,17,7,10,0,t1008,2023-12-22
łódzkie,pajęczański,-,-,0,-,-,0.0,0,0,0,0,0,0,0,0,0,0,t1009,2023-12-22
łódzkie,piotrkowski,-,-,5,-,-,0.55,0,0,0,3,0,0,7,5,2,0,t1010,2023-12-22
łódzkie,poddębicki,-,-,0,-,-,0.0,0,0,0,0,0,0,0,0,0,0,t1011,2023-12-22
łódzkie,radomszczański,-,-,9,-,-,0.8,1,1,0,14,0,0,17,9,8,0,t1012,2023-12-22
łódzkie,rawski,-,-,1,-,-,0.21,0,0,0,3,0,0,5,1,4,0,t1013,2023-12-22
łódzkie,sieradzki,-,-,3,-,-,0.26,0,0,0,2,0,0,7,3,4,0,t1014,2023-12-22
łódzkie,skierniewicki,-,-,1,-,-,0.26,0,0,0,1,0,0,1,1,0,0,t1015,2023-12-22
łódzkie,tomaszowski,-,-,6,-,-,0.52,0,0,0,6,0,0,21,6,15,0,t1016,2023-12-22
łódzkie,wieluński,-,-,3,-,-,0.39,0,0,0,7,0,0,7,4,3,0,t1017,2023-12-22
łódzkie,wieruszowski,-,-,0,-,-,0.0,0,0,0,6,0,0,7,0,7,0,t1018,2023-12-22
łódzkie,zduńskowolski,-,-,0,-,-,0.0,0,0,0,0,0,0,3,0,3,0,t1019,2023-12-22
łódzkie,zgierski,-,-,6,-,-,0.36,0,0,0,4,0,0,19,7,12,0,t1020,2023-12-22
łódzkie,brzeziński,-,-,1,-,-,0.32,0,0,0,1,0,0,1,1,0,0,t1021,2023-12-22
łódzkie,Łódź,-,-,38,-,-,0.56,2,2,0,43,0,0,85,39,46,0,t1061,2023-12-22
łódzkie,Piotrków Trybunalski,-,-,6,-,-,0.82,0,0,0,1,0,0,8,7,1,0,t1062,2023-12-22
łódzkie,Skierniewice,-,-,9,-,-,1.88,0,0,0,7,0,0,10,10,0,0,t1063,2023-12-22
małopolskie,bocheński,-,-,15,-,-,1.4,0,0,0,15,0,0,25,15,10,0,t1201,2023-12-22
małopolskie,brzeski,-,-,0,-,-,0.0,1,0,1,2,0,0,10,0,10,0,t1202,2023-12-22
małopolskie,chrzanowski,-,-,6,-,-,0.48,0,0,0,9,0,0,11,6,5,0,t1203,2023-12-22
małopolskie,dąbrowski,-,-,1,-,-,0.17,0,0,0,1,0,0,2,1,1,0,t1204,2023-12-22
małopolskie,gorlicki,-,-,7,-,-,0.64,0,0,0,23,0,0,26,7,19,0,t1205,2023-12-22
małopolskie,krakowski,-,-,5,-,-,0.18,0,0,0,6,0,0,12,5,7,0,t1206,2023-12-22
małopolskie,limanowski,-,-,0,-,-,0.0,0,0,0,0,0,0,0,0,0,0,t1207,2023-12-22
małopolskie,miechowski,-,-,0,-,-,0.0,0,0,0,0,0,0,0,0,0,0,t1208,2023-12-22
małopolskie,myślenicki,-,-,7,-,-,0.55,0,0,0,2,0,0,7,7,0,0,t1209,2023-12-22
małopolskie,nowosądecki,-,-,11,-,-,0.51,0,0,0,8,0,0,20,12,8,0,t1210,2023-12-22
małopolskie,nowotarski,-,-,1,-,-,0.05,0,0,0,1,0,0,1,1,0,0,t1211,2023-12-22
małopolskie,olkuski,-,-,3,-,-,0.27,0,0,0,3,0,0,3,3,0,0,t1212,2023-12-22
małopolskie,oświęcimski,-,-,5,-,-,0.33,0,0,0,6,0,0,15,5,10,0,t1213,2023-12-22
małopolskie,proszowicki,-,-,0,-,-,0.0,0,0,0,0,0,0,0,0,0,0,t1214,2023-12-22
małopolskie,suski,-,-,7,-,-,0.83,0,0,0,5,0,0,11,10,1,0,t1215,2023-12-22
małopolskie,tarnowski,-,-,17,-,-,0.84,0,0,0,8,0,0,28,18,10,0,t1216,2023-12-22
małopolskie,tatrzański,-,-,0,-,-,0.0,0,0,0,0,0,0,0,0,0,0,t1217,2023-12-22
małopolskie,wadowicki,-,-,43,-,-,2.69,0,0,0,67,0,0,99,45,54,0,t1218,2023-12-22
małopolskie,wielicki,-,-,5,-,-,0.38,0,0,0,3,0,0,16,5,11,0,t1219,2023-12-22
małopolskie,Kraków,-,-,32,-,-,0.41,0,0,0,60,0,0,94,32,61,1,t1261,2023-12-22
małopolskie,Nowy Sącz,-,-,6,-,-,0.72,0,0,0,0,0,0,14,6,8,0,t1262,2023-12-22
małopolskie,Tarnów,-,-,8,-,-,0.74,0,0,0,3,0,0,11,8,3,0,t1263,2023-12-22
mazowieckie,białobrzeski,-,-,5,-,-,1.5,0,0,0,5,0,0,17,5,12,0,t1401,2023-12-22
mazowieckie,ciechanowski,-,-,9,-,-,1.01,0,0,0,19,0,0,25,9,16,0,t1402,2023-12-22
mazowieckie,garwoliński,-,-,14,-,-,1.29,0,0,0,6,0,0,32,15,17,0,t1403,2023-12-22
mazowieckie,gostyniński,-,-,3,-,-,0.67,0,0,0,5,0,0,6,3,3,0,t1404,2023-12-22
mazowieckie,grodziski,-,-,2,-,-,0.21,0,0,0,1,0,0,2,2,0,0,t1405,2023-12-22
mazowieckie,grójecki,-,-,5,-,-,0.51,1,1,0,8,0,0,10,5,5,0,t1406,2023-12-22
mazowieckie,kozienicki,-,-,10,-,-,1.67,0,0,0,11,0,0,13,10,3,0,t1407,2023-12-22
mazowieckie,legionowski,-,-,22,-,-,1.84,0,0,0,19,0,0,28,23,5,0,t1408,2023-12-22
mazowieckie,lipski,-,-,1,-,-,0.3,0,0,0,1,0,0,2,1,1,0,t1409,2023-12-22
mazowieckie,łosicki,-,-,6,-,-,1.96,0,0,0,4,0,0,9,7,2,0,t1410,2023-12-22
mazowieckie,makowski,-,-,4,-,-,0.9,0,0,0,0,0,0,4,4,0,0,t1411,2023-12-22
mazowieckie,miński,-,-,21,-,-,1.36,0,0,0,23,0,0,65,25,40,0,t1412,2023-12-22
mazowieckie,mławski,-,-,1,-,-,0.14,0,0,0,2,0,0,7,1,6,0,t1413,2023-12-22
mazowieckie,nowodworski,-,-,12,-,-,1.51,0,0,0,9,0,0,28,12,16,0,t1414,2023-12-22
mazowieckie,ostrołęcki,-,-,4,-,-,0.45,0,0,0,3,0,0,4,4,0,0,t1415,2023-12-22
mazowieckie,ostrowski,-,-,6,-,-,0.83,0,0,0,3,0,0,9,6,3,0,t1416,2023-12-22
mazowieckie,otwocki,-,-,15,-,-,1.21,0,0,0,13,0,0,17,15,2,0,t1417,2023-12-22
mazowieckie,piaseczyński,-,-,8,-,-,0.42,0,0,0,3,0,0,17,10,7,0,t1418,2023-12-22
mazowieckie,płocki,-,-,2,-,-,0.18,0,0,0,2,0,0,11,2,9,0,t1419,2023-12-22
mazowieckie,płoński,-,-,6,-,-,0.69,0,0,0,1,0,0,12,6,6,0,t1420,2023-12-22
mazowieckie,pruszkowski,-,-,3,-,-,0.18,0,0,0,0,0,0,3,3,0,0,t1421,2023-12-22
mazowieckie,przasnyski,-,-,3,-,-,0.57,0,0,0,0,0,0,4,3,1,0,t1422,2023-12-22
mazowieckie,przysuski,-,-,5,-,-,1.21,0,0,0,7,0,0,14,5,9,0,t1423,2023-12-22
mazowieckie,pułtuski,-,-,3,-,-,0.58,0,0,0,1,0,0,7,3,4,0,t1424,2023-12-22
mazowieckie,radomski,-,-,6,-,-,0.39,0,0,0,12,0,0,22,6,16,0,t1425,2023-12-22
mazowieckie,siedlecki,-,-,6,-,-,0.74,0,0,0,7,0,0,13,6,7,0,t1426,2023-12-22
mazowieckie,sierpecki,-,-,4,-,-,0.77,0,0,0,5,0,0,5,4,1,0,t1427,2023-12-22
mazowieckie,sochaczewski,-,-,6,-,-,0.71,0,0,0,5,0,0,6,6,0,0,t1428,2023-12-22
mazowieckie,sokołowski,-,-,6,-,-,1.12,0,0,0,14,0,0,18,6,12,0,t1429,2023-12-22
mazowieckie,szydłowiecki,-,-,0,-,-,0.0,0,0,0,7,0,0,9,0,9,0,t1430,2023-12-22
mazowieckie,warszawski zachodni,-,-,4,-,-,0.33,0,0,0,8,0,0,16,4,12,0,t1432,2023-12-22
mazowieckie,węgrowski,-,-,5,-,-,0.76,0,0,0,6,0,0,10,5,4,1,t1433,2023-12-22
mazowieckie,wołomiński,-,-,13,-,-,0.52,0,0,0,11,0,0,34,13,21,0,t1434,2023-12-22
mazowieckie,wyszkowski,-,-,9,-,-,1.21,0,0,0,9,0,0,10,10,0,0,t1435,2023-12-22
mazowieckie,zwoleński,-,-,6,-,-,1.67,0,0,0,2,0,0,7,6,1,0,t1436,2023-12-22
mazowieckie,żuromiński,-,-,2,-,-,0.52,0,0,0,0,0,0,4,3,1,0,t1437,2023-12-22
mazowieckie,żyrardowski,-,-,3,-,-,0.4,0,0,0,3,0,0,3,3,0,0,t1438,2023-12-22
mazowieckie,Ostrołęka,-,-,1,-,-,0.19,0,0,0,0,0,0,2,1,1,0,t1461,2023-12-22
mazowieckie,Płock,-,-,5,-,-,0.42,0,0,0,3,0,0,11,5,6,0,t1462,2023-12-22
mazowieckie,Radom,-,-,17,-,-,0.81,0,0,0,11,0,0,28,17,11,0,t1463,2023-12-22
mazowieckie,Siedlce,-,-,10,-,-,1.28,0,0,0,17,0,0,25,10,15,0,t1464,2023-12-22
mazowieckie,Warszawa,-,-,85,-,-,0.47,6,0,6,69,0,0,448,88,360,0,t1465,2023-12-22
opolskie,brzeski,-,-,2,-,-,0.22,0,0,0,1,0,0,4,2,2,0,t1601,2023-12-22
opolskie,głubczycki,-,-,3,-,-,0.66,0,0,0,3,0,0,4,3,1,0,t1602,2023-12-22
opolskie,kędzierzyńsko-kozielski,-,-,7,-,-,0.75,0,0,0,5,0,0,9,7,2,0,t1603,2023-12-22
opolskie,kluczborski,-,-,0,-,-,0.0,0,0,0,1,0,0,2,0,2,0,t1604,2023-12-22
opolskie,krapkowicki,-,-,12,-,-,1.89,1,0,1,7,0,0,43,12,30,1,t1605,2023-12-22
opolskie,namysłowski,-,-,1,-,-,0.23,0,0,0,0,0,0,1,1,0,0,t1606,2023-12-22
opolskie,nyski,-,-,5,-,-,0.37,0,0,0,6,0,0,15,5,10,0,t1607,2023-12-22
opolskie,oleski,-,-,1,-,-,0.16,0,0,0,0,0,0,1,1,0,0,t1608,2023-12-22
opolskie,opolski,-,-,0,-,-,0.0,0,0,0,3,0,0,5,0,5,0,t1609,2023-12-22
opolskie,prudnicki,-,-,2,-,-,0.36,0,0,0,7,0,0,7,2,5,0,t1610,2023-12-22
opolskie,strzelecki,-,-,4,-,-,0.54,0,0,0,6,0,0,10,4,6,0,t1611,2023-12-22
opolskie,Opole,-,-,14,-,-,1.09,0,0,0,1,0,0,34,14,20,0,t1661,2023-12-22
podkarpackie,bieszczadzki,-,-,0,-,-,0.0,0,0,0,0,0,0,0,0,0,0,t1801,2023-12-22
podkarpackie,brzozowski,-,-,1,-,-,0.15,0,0,0,2,0,0,2,1,1,0,t1802,2023-12-22
podkarpackie,dębicki,-,-,9,-,-,0.67,0,0,0,17,0,0,28,9,19,0,t1803,2023-12-22
podkarpackie,jarosławski,-,-,4,-,-,0.33,0,0,0,2,0,0,7,4,3,0,t1804,2023-12-22
podkarpackie,jasielski,-,-,7,-,-,0.62,0,0,0,16,0,0,28,8,20,0,t1805,2023-12-22
podkarpackie,kolbuszowski,-,-,1,-,-,0.16,0,0,0,2,0,0,2,1,1,0,t1806,2023-12-22
podkarpackie,krośnieński,-,-,6,-,-,0.53,0,0,0,6,0,0,15,6,9,0,t1807,2023-12-22
podkarpackie,leżajski,-,-,17,-,-,2.46,0,0,0,12,0,0,27,18,9,0,t1808,2023-12-22
podkarpackie,lubaczowski,-,-,0,-,-,0.0,0,0,0,0,0,0,0,0,0,0,t1809,2023-12-22
podkarpackie,łańcucki,-,-,5,-,-,0.62,0,0,0,0,0,0,6,6,0,0,t1810,2023-12-22
podkarpackie,mielecki,-,-,11,-,-,0.8,0,0,0,5,0,0,21,11,10,0,t1811,2023-12-22
podkarpackie,niżański,-,-,6,-,-,0.9,0,0,0,5,0,0,12,7,5,0,t1812,2023-12-22
podkarpackie,przemyski,-,-,1,-,-,0.14,0,0,0,4,0,0,4,1,3,0,t1813,2023-12-22
podkarpackie,przeworski,-,-,4,-,-,0.51,0,0,0,4,0,0,19,4,15,0,t1814,2023-12-22
podkarpackie,ropczycko-sędziszowski,-,-,10,-,-,1.34,0,0,0,31,0,0,32,10,22,0,t1815,2023-12-22
podkarpackie,rzeszowski,-,-,4,-,-,0.24,0,0,0,4,0,0,16,5,11,0,t1816,2023-12-22
podkarpackie,sanocki,-,-,4,-,-,0.42,0,0,0,5,0,0,11,5,5,1,t1817,2023-12-22
podkarpackie,stalowowolski,-,-,8,-,-,0.76,0,0,0,8,0,0,9,8,1,0,t1818,2023-12-22
podkarpackie,strzyżowski,-,-,2,-,-,0.33,0,0,0,2,0,0,2,2,0,0,t1819,2023-12-22
podkarpackie,tarnobrzeski,-,-,1,-,-,0.19,0,0,0,5,0,0,5,1,4,0,t1820,2023-12-22
podkarpackie,leski,-,-,1,-,-,0.38,0,0,0,0,0,0,2,1,1,0,t1821,2023-12-22
podkarpackie,Krosno,-,-,2,-,-,0.43,0,0,0,2,0,0,3,2,1,0,t1861,2023-12-22
podkarpackie,Przemyśl,-,-,8,-,-,1.32,0,0,0,2,0,0,9,8,1,0,t1862,2023-12-22
podkarpackie,Rzeszów,-,-,9,-,-,0.46,0,0,0,6,0,0,13,9,4,0,t1863,2023-12-22
podkarpackie,Tarnobrzeg,-,-,5,-,-,1.07,0,0,0,13,0,0,20,5,15,0,t1864,2023-12-22
podlaskie,augustowski,-,-,5,-,-,0.86,0,0,0,5,0,0,8,5,3,0,t2001,2023-12-22
podlaskie,białostocki,-,-,10,-,-,0.67,0,0,0,15,0,0,29,10,19,0,t2002,2023-12-22
podlaskie,bielski,-,-,6,-,-,1.11,0,0,0,10,0,0,18,6,12,0,t2003,2023-12-22
podlaskie,grajewski,-,-,1,-,-,0.21,0,0,0,0,0,0,1,1,0,0,t2004,2023-12-22
podlaskie,hajnowski,-,-,5,-,-,1.18,0,0,0,7,0,0,9,5,4,0,t2005,2023-12-22
podlaskie,kolneński,-,-,1,-,-,0.26,0,0,0,0,0,0,1,1,0,0,t2006,2023-12-22
podlaskie,łomżyński,-,-,2,-,-,0.39,1,0,1,2,0,0,3,2,1,0,t2007,2023-12-22
podlaskie,moniecki,-,-,3,-,-,0.75,0,0,0,0,0,0,10,3,7,0,t2008,2023-12-22
podlaskie,sejneński,-,-,2,-,-,1.01,0,0,0,0,0,0,2,2,0,0,t2009,2023-12-22
podlaskie,siemiatycki,-,-,3,-,-,0.68,0,0,0,3,0,0,16,3,13,0,t2010,2023-12-22
podlaskie,sokólski,-,-,1,-,-,0.15,0,0,0,1,0,0,3,1,2,0,t2011,2023-12-22
podlaskie,suwalski,-,-,1,-,-,0.28,0,0,0,2,0,0,3,1,2,0,t2012,2023-12-22
podlaskie,wysokomazowiecki,-,-,5,-,-,0.88,0,0,0,4,0,0,9,5,4,0,t2013,2023-12-22
podlaskie,zambrowski,-,-,0,-,-,0.0,0,0,0,0,0,0,0,0,0,0,t2014,2023-12-22
podlaskie,Białystok,-,-,34,-,-,1.14,0,0,0,51,0,0,73,35,37,1,t2061,2023-12-22
podlaskie,Łomża,-,-,1,-,-,0.16,0,0,0,5,0,0,5,1,4,0,t2062,2023-12-22
podlaskie,Suwałki,-,-,0,-,-,0.0,0,0,0,0,0,0,2,0,2,0,t2063,2023-12-22
pomorskie,bytowski,-,-,8,-,-,1.01,0,0,0,0,0,0,8,8,0,0,t2201,2023-12-22
pomorskie,chojnicki,-,-,17,-,-,1.74,0,0,0,8,0,0,20,17,3,0,t2202,2023-12-22
pomorskie,człuchowski,-,-,2,-,-,0.36,0,0,0,1,0,0,4,2,2,0,t2203,2023-12-22
pomorskie,gdański,-,-,1,-,-,0.08,0,0,0,0,0,0,3,1,2,0,t2204,2023-12-22
pomorskie,kartuski,-,-,1,-,-,0.07,0,0,0,0,0,0,11,1,10,0,t2205,2023-12-22
pomorskie,kościerski,-,-,3,-,-,0.41,0,0,0,3,0,0,8,3,5,0,t2206,2023-12-22
pomorskie,kwidzyński,-,-,2,-,-,0.24,0,0,0,1,0,0,9,2,7,0,t2207,2023-12-22
pomorskie,lęborski,-,-,11,-,-,1.66,0,0,0,14,0,0,17,11,6,0,t2208,2023-12-22
pomorskie,malborski,-,-,1,-,-,0.16,0,0,0,6,0,0,10,1,9,0,t2209,2023-12-22
pomorskie,nowodworski,-,-,0,-,-,0.0,0,0,0,0,0,0,0,0,0,0,t2210,2023-12-22
pomorskie,pucki,-,-,2,-,-,0.23,0,0,0,1,0,0,8,2,6,0,t2211,2023-12-22
pomorskie,słupski,-,-,0,-,-,0.0,0,0,0,0,0,0,7,0,7,0,t2212,2023-12-22
pomorskie,starogardzki,-,-,2,-,-,0.16,0,0,0,1,0,0,4,2,2,0,t2213,2023-12-22
pomorskie,tczewski,-,-,4,-,-,0.35,0,0,0,4,0,0,8,4,4,0,t2214,2023-12-22
pomorskie,wejherowski,-,-,4,-,-,0.18,0,0,0,2,0,0,13,4,9,0,t2215,2023-12-22
pomorskie,sztumski,-,-,0,-,-,0.0,0,0,0,1,0,0,2,0,2,0,t2216,2023-12-22
pomorskie,Gdańsk,-,-,9,-,-,0.19,0,0,0,15,0,0,36,9,26,1,t2261,2023-12-22
pomorskie,Gdynia,-,-,13,-,-,0.53,0,0,0,15,0,0,15,13,2,0,t2262,2023-12-22
pomorskie,Słupsk,-,-,0,-,-,0.0,0,0,0,3,0,0,5,0,5,0,t2263,2023-12-22
pomorskie,Sopot,-,-,0,-,-,0.0,0,0,0,3,0,0,7,0,7,0,t2264,2023-12-22
śląskie,będziński,-,-,7,-,-,0.47,0,0,0,22,0,0,26,7,19,0,t2401,2023-12-22
śląskie,bielski,-,-,15,-,-,0.9,0,0,0,17,0,0,24,15,9,0,t2402,2023-12-22
śląskie,cieszyński,-,-,13,-,-,0.73,0,0,0,26,0,0,38,13,25,0,t2403,2023-12-22
śląskie,częstochowski,-,-,4,-,-,0.3,0,0,0,0,0,0,6,4,2,0,t2404,2023-12-22
śląskie,gliwicki,-,-,8,-,-,0.69,0,0,0,11,0,0,20,9,11,0,t2405,2023-12-22
śląskie,kłobucki,-,-,5,-,-,0.59,0,0,0,7,0,0,8,5,3,0,t2406,2023-12-22
śląskie,lubliniecki,-,-,4,-,-,0.52,0,0,0,7,0,0,8,4,4,0,t2407,2023-12-22
śląskie,mikołowski,-,-,3,-,-,0.3,0,0,0,10,0,0,12,3,9,0,t2408,2023-12-22
śląskie,myszkowski,-,-,3,-,-,0.42,0,0,0,2,0,0,3,3,0,0,t2409,2023-12-22
śląskie,pszczyński,-,-,6,-,-,0.54,0,0,0,4,0,0,14,6,8,0,t2410,2023-12-22
śląskie,raciborski,-,-,10,-,-,0.93,0,0,0,9,0,0,20,11,9,0,t2411,2023-12-22
śląskie,rybnicki,-,-,10,-,-,1.28,0,0,0,1,0,0,14,12,1,1,t2412,2023-12-22
śląskie,tarnogórski,-,-,19,-,-,1.35,0,0,0,31,0,0,58,19,39,0,t2413,2023-12-22
śląskie,bieruńsko-lędziński,-,-,1,-,-,0.17,0,0,0,3,0,0,4,1,3,0,t2414,2023-12-22
śląskie,wodzisławski,-,-,23,-,-,1.47,0,0,0,15,0,0,35,27,7,1,t2415,2023-12-22
śląskie,zawierciański,-,-,6,-,-,0.51,0,0,0,9,0,0,10,6,4,0,t2416,2023-12-22
śląskie,żywiecki,-,-,4,-,-,0.26,0,0,0,0,0,0,4,4,0,0,t2417,2023-12-22
śląskie,Bielsko-Biała,-,-,18,-,-,1.06,0,0,0,11,0,0,26,19,7,0,t2461,2023-12-22
śląskie,Bytom,-,-,16,-,-,0.97,0,0,0,17,0,0,35,16,19,0,t2462,2023-12-22
śląskie,Chorzów,-,-,2,-,-,0.19,0,0,0,8,0,0,11,2,9,0,t2463,2023-12-22
śląskie,Częstochowa,-,-,6,-,-,0.27,0,0,0,8,0,0,10,6,4,0,t2464,2023-12-22
śląskie,Dąbrowa Górnicza,-,-,9,-,-,0.76,0,0,0,25,0,0,27,9,18,0,t2465,2023-12-22
śląskie,Gliwice,-,-,4,-,-,0.22,0,0,0,8,0,0,19,4,15,0,t2466,2023-12-22
śląskie,Jastrzębie-Zdrój,-,-,15,-,-,1.7,0,0,0,15,0,0,15,15,0,0,t2467,2023-12-22
śląskie,Jaworzno,-,-,11,-,-,1.21,0,0,0,7,0,0,22,11,11,0,t2468,2023-12-22
śląskie,Katowice,-,-,15,-,-,0.51,0,0,0,26,0,0,48,15,33,0,t2469,2023-12-22
śląskie,Mysłowice,-,-,4,-,-,0.54,0,0,0,3,0,0,15,4,11,0,t2470,2023-12-22
śląskie,Piekary Śląskie,-,-,6,-,-,1.09,0,0,0,3,0,0,17,6,11,0,t2471,2023-12-22
śląskie,Ruda Śląska,-,-,7,-,-,0.51,0,0,0,5,0,0,14,7,7,0,t2472,2023-12-22
śląskie,Rybnik,-,-,36,-,-,2.61,0,0,0,11,0,0,59,50,5,4,t2473,2023-12-22
śląskie,Siemianowice Śląskie,-,-,3,-,-,0.45,0,0,0,2,0,0,3,3,0,0,t2474,2023-12-22
śląskie,Sosnowiec,-,-,5,-,-,0.25,0,0,0,18,0,0,32,5,27,0,t2475,2023-12-22
śląskie,Świętochłowice,-,-,2,-,-,0.41,0,0,0,4,0,0,6,2,4,0,t2476,2023-12-22
śląskie,Tychy,-,-,5,-,-,0.39,0,0,0,7,0,0,11,5,6,0,t2477,2023-12-22
śląskie,Zabrze,-,-,8,-,-,0.47,0,0,0,5,0,0,29,13,16,0,t2478,2023-12-22
śląskie,Żory,-,-,6,-,-,0.96,0,0,0,1,0,0,7,7,0,0,t2479,2023-12-22
świętokrzyskie,buski,-,-,0,-,-,0.0,0,0,0,0,0,0,1,1,0,0,t2601,2023-12-22
świętokrzyskie,jędrzejowski,-,-,1,-,-,0.12,0,0,0,1,0,0,1,1,0,0,t2602,2023-12-22
świętokrzyskie,kazimierski,-,-,0,-,-,0.0,0,0,0,0,0,0,0,0,0,0,t2603,2023-12-22
świętokrzyskie,kielecki,-,-,9,-,-,0.43,0,0,0,12,0,0,19,9,10,0,t2604,2023-12-22
świętokrzyskie,konecki,-,-,8,-,-,1.01,0,0,0,4,0,0,8,8,0,0,t2605,2023-12-22
świętokrzyskie,opatowski,-,-,3,-,-,0.58,0,0,0,3,0,0,3,3,0,0,t2606,2023-12-22
świętokrzyskie,ostrowiecki,-,-,8,-,-,0.74,0,0,0,10,0,0,16,10,6,0,t2607,2023-12-22
świętokrzyskie,pińczowski,-,-,0,-,-,0.0,0,0,0,1,0,0,1,0,1,0,t2608,2023-12-22
świętokrzyskie,sandomierski,-,-,7,-,-,0.91,0,0,0,13,0,0,15,7,8,0,t2609,2023-12-22
świętokrzyskie,skarżyski,-,-,7,-,-,0.95,0,0,0,5,0,0,8,7,1,0,t2610,2023-12-22
świętokrzyskie,starachowicki,-,-,7,-,-,0.79,0,0,0,3,0,0,8,8,0,0,t2611,2023-12-22
świętokrzyskie,staszowski,-,-,3,-,-,0.42,0,0,0,3,0,0,5,3,2,0,t2612,2023-12-22
świętokrzyskie,włoszczowski,-,-,3,-,-,0.67,0,0,0,3,0,0,3,3,0,0,t2613,2023-12-22
świętokrzyskie,Kielce,-,-,9,-,-,0.46,0,0,0,7,0,0,10,9,1,0,t2661,2023-12-22
warmińsko-mazurskie,bartoszycki,-,-,16,-,-,2.81,0,0,0,3,0,0,20,17,3,0,t2801,2023-12-22
warmińsko-mazurskie,braniewski,-,-,5,-,-,1.22,0,0,0,4,0,0,8,5,3,0,t2802,2023-12-22
warmińsko-mazurskie,działdowski,-,-,9,-,-,1.39,0,0,0,30,0,0,34,10,24,0,t2803,2023-12-22
warmińsko-mazurskie,elbląski,-,-,5,-,-,0.88,0,0,0,1,0,0,9,6,3,0,t2804,2023-12-22
warmińsko-mazurskie,ełcki,-,-,4,-,-,0.44,0,0,0,6,0,0,19,4,15,0,t2805,2023-12-22
warmińsko-mazurskie,giżycki,-,-,2,-,-,0.35,0,0,0,0,0,0,5,2,3,0,t2806,2023-12-22
warmińsko-mazurskie,iławski,-,-,5,-,-,0.54,0,0,0,4,0,0,64,5,59,0,t2807,2023-12-22
warmińsko-mazurskie,kętrzyński,-,-,0,-,-,0.0,0,0,0,3,0,0,3,0,3,0,t2808,2023-12-22
warmińsko-mazurskie,lidzbarski,-,-,1,-,-,0.24,0,0,0,0,0,0,1,1,0,0,t2809,2023-12-22
warmińsko-mazurskie,mrągowski,-,-,6,-,-,1.21,0,0,0,3,0,0,8,6,2,0,t2810,2023-12-22
warmińsko-mazurskie,nidzicki,-,-,3,-,-,0.92,0,0,0,8,0,0,10,4,6,0,t2811,2023-12-22
warmińsko-mazurskie,nowomiejski,-,-,2,-,-,0.46,0,0,0,3,0,0,3,2,1,0,t2812,2023-12-22
warmińsko-mazurskie,olecki,-,-,0,-,-,0.0,0,0,0,0,0,0,1,0,1,0,t2813,2023-12-22
warmińsko-mazurskie,olsztyński,-,-,4,-,-,0.31,0,0,0,5,0,0,12,4,8,0,t2814,2023-12-22
warmińsko-mazurskie,ostródzki,-,-,3,-,-,0.29,1,1,0,3,0,0,4,3,1,0,t2815,2023-12-22
warmińsko-mazurskie,piski,-,-,0,-,-,0.0,0,0,0,0,0,0,0,0,0,0,t2816,2023-12-22
warmińsko-mazurskie,szczycieński,-,-,7,-,-,1.01,0,0,0,3,0,0,13,7,6,0,t2817,2023-12-22
warmińsko-mazurskie,gołdapski,-,-,0,-,-,0.0,0,0,0,0,0,0,0,0,0,0,t2818,2023-12-22
warmińsko-mazurskie,węgorzewski,-,-,0,-,-,0.0,0,0,0,1,0,0,1,0,1,0,t2819,2023-12-22
warmińsko-mazurskie,Elbląg,-,-,5,-,-,0.42,0,0,0,3,0,0,5,5,0,0,t2861,2023-12-22
warmińsko-mazurskie,Olsztyn,-,-,6,-,-,0.35,0,0,0,17,0,0,20,6,14,0,t2862,2023-12-22
wielkopolskie,chodzieski,-,-,0,-,-,0.0,0,0,0,0,0,0,1,0,1,0,t3001,2023-12-22
wielkopolskie,czarnkowsko-trzcianecki,-,-,2,-,-,0.23,0,0,0,1,0,0,4,2,2,0,t3002,2023-12-22
wielkopolskie,gnieźnieński,-,-,11,-,-,0.76,0,0,0,10,0,0,13,11,2,0,t3003,2023-12-22
wielkopolskie,gostyński,-,-,9,-,-,1.19,0,0,0,7,0,0,10,9,1,0,t3004,2023-12-22
wielkopolskie,grodziski,-,-,6,-,-,1.16,0,0,0,6,0,0,6,6,0,0,t3005,2023-12-22
wielkopolskie,jarociński,-,-,1,-,-,0.14,0,0,0,0,0,0,1,1,0,0,t3006,2023-12-22
wielkopolskie,kaliski,-,-,3,-,-,0.36,0,0,0,1,0,0,3,3,0,0,t3007,2023-12-22
wielkopolskie,kępiński,-,-,0,-,-,0.0,0,0,0,0,0,0,1,0,1,0,t3008,2023-12-22
wielkopolskie,kolski,-,-,2,-,-,0.23,0,0,0,4,0,0,5,2,3,0,t3009,2023-12-22
wielkopolskie,koniński,-,-,7,-,-,0.54,0,0,0,5,0,0,9,7,2,0,t3010,2023-12-22
wielkopolskie,kościański,-,-,0,-,-,0.0,0,0,0,0,0,0,0,0,0,0,t3011,2023-12-22
wielkopolskie,krotoszyński,-,-,9,-,-,1.17,0,0,0,9,0,0,9,9,0,0,t3012,2023-12-22
wielkopolskie,leszczyński,-,-,2,-,-,0.35,0,0,0,0,0,0,4,2,2,0,t3013,2023-12-22
wielkopolskie,międzychodzki,-,-,1,-,-,0.27,0,0,0,0,0,0,2,1,1,0,t3014,2023-12-22
wielkopolskie,nowotomyski,-,-,4,-,-,0.53,0,0,0,3,0,0,4,4,0,0,t3015,2023-12-22
wielkopolskie,obornicki,-,-,0,-,-,0.0,0,0,0,0,0,0,2,0,2,0,t3016,2023-12-22
wielkopolskie,ostrowski,-,-,2,-,-,0.12,0,0,0,1,0,0,12,2,10,0,t3017,2023-12-22
wielkopolskie,ostrzeszowski,-,-,1,-,-,0.18,0,0,0,1,0,0,1,1,0,0,t3018,2023-12-22
wielkopolskie,pilski,-,-,8,-,-,0.59,0,0,0,4,0,0,14,8,6,0,t3019,2023-12-22
wielkopolskie,pleszewski,-,-,0,-,-,0.0,0,0,0,0,0,0,0,0,0,0,t3020,2023-12-22
wielkopolskie,poznański,-,-,16,-,-,0.4,0,0,0,36,0,0,49,17,32,0,t3021,2023-12-22
wielkopolskie,rawicki,-,-,5,-,-,0.83,0,0,0,8,0,0,18,5,13,0,t3022,2023-12-22
wielkopolskie,słupecki,-,-,5,-,-,0.85,0,0,0,0,0,0,5,5,0,0,t3023,2023-12-22
wielkopolskie,szamotulski,-,-,7,-,-,0.76,0,0,0,1,0,0,13,7,6,0,t3024,2023-12-22
wielkopolskie,średzki,-,-,0,-,-,0.0,0,0,0,5,0,0,6,0,6,0,t3025,2023-12-22
wielkopolskie,śremski,-,-,2,-,-,0.33,0,0,0,3,0,0,3,2,1,0,t3026,2023-12-22
wielkopolskie,turecki,-,-,4,-,-,0.48,0,0,0,2,0,0,4,4,0,0,t3027,2023-12-22
wielkopolskie,wągrowiecki,-,-,2,-,-,0.28,0,0,0,2,0,0,2,2,0,0,t3028,2023-12-22
wielkopolskie,wolsztyński,-,-,8,-,-,1.39,0,0,0,0,0,0,8,8,0,0,t3029,2023-12-22
wielkopolskie,wrzesiński,-,-,5,-,-,0.64,0,0,0,2,0,0,5,5,0,0,t3030,2023-12-22
wielkopolskie,złotowski,-,-,1,-,-,0.14,0,0,0,0,0,0,4,1,3,0,t3031,2023-12-22
wielkopolskie,Kalisz,-,-,0,-,-,0.0,0,0,0,0,0,0,0,0,0,0,t3061,2023-12-22
wielkopolskie,Konin,-,-,4,-,-,0.55,0,0,0,4,0,0,5,4,1,0,t3062,2023-12-22
wielkopolskie,Leszno,-,-,2,-,-,0.32,0,0,0,0,0,0,10,2,8,0,t3063,2023-12-22
wielkopolskie,Poznań,-,-,16,-,-,0.3,1,0,1,24,0,0,38,16,22,0,t3064,2023-12-22
zachodniopomorskie,białogardzki,-,-,4,-,-,0.84,0,0,0,3,0,0,5,4,1,0,t3201,2023-12-22
zachodniopomorskie,choszczeński,-,-,3,-,-,0.62,0,0,0,1,0,0,4,3,1,0,t3202,2023-12-22
zachodniopomorskie,drawski,-,-,1,-,-,0.18,0,0,0,2,0,0,3,1,2,0,t3203,2023-12-22
zachodniopomorskie,goleniowski,-,-,0,-,-,0.0,0,0,0,1,0,0,3,1,2,0,t3204,2023-12-22
zachodniopomorskie,gryficki,-,-,2,-,-,0.33,0,0,0,4,0,0,6,2,4,0,t3205,2023-12-22
zachodniopomorskie,gryfiński,-,-,4,-,-,0.49,0,0,0,24,0,0,28,5,23,0,t3206,2023-12-22
zachodniopomorskie,kamieński,-,-,1,-,-,0.21,1,0,1,4,0,0,6,1,5,0,t3207,2023-12-22
zachodniopomorskie,kołobrzeski,-,-,3,-,-,0.38,0,0,0,4,0,0,5,3,2,0,t3208,2023-12-22
zachodniopomorskie,koszaliński,-,-,2,-,-,0.3,0,0,0,3,0,0,17,2,15,0,t3209,2023-12-22
zachodniopomorskie,myśliborski,-,-,4,-,-,0.61,0,0,0,4,0,0,6,4,2,0,t3210,2023-12-22
zachodniopomorskie,policki,-,-,9,-,-,1.11,0,0,0,9,0,0,11,9,2,0,t3211,2023-12-22
zachodniopomorskie,pyrzycki,-,-,1,-,-,0.25,0,0,0,1,0,0,2,1,1,0,t3212,2023-12-22
zachodniopomorskie,sławieński,-,-,4,-,-,0.71,0,0,0,8,0,0,8,4,4,0,t3213,2023-12-22
zachodniopomorskie,stargardzki,-,-,19,-,-,1.58,0,0,0,8,0,0,32,20,12,0,t3214,2023-12-22
zachodniopomorskie,szczecinecki,-,-,9,-,-,1.16,0,0,0,8,0,0,11,9,2,0,t3215,2023-12-22
zachodniopomorskie,świdwiński,-,-,1,-,-,0.21,0,0,0,9,0,0,13,1,12,0,t3216,2023-12-22
zachodniopomorskie,wałecki,-,-,0,-,-,0.0,0,0,0,2,0,0,2,0,2,0,t3217,2023-12-22
zachodniopomorskie,łobeski,-,-,1,-,-,0.27,0,0,0,2,0,0,6,1,5,0,t3218,2023-12-22
zachodniopomorskie,Koszalin,-,-,8,-,-,0.75,0,0,0,7,0,0,37,8,28,1,t3261,2023-12-22
zachodniopomorskie,Szczecin,-,-,44,-,-,1.1,0,0,0,39,0,0,194,45,149,0,t3262,2023-12-22
zachodniopomorskie,Świnoujście,-,-,5,-,-,1.22,1,0,1,6,0,0,13,5,8,0,t3263,2023-12-22
