wojewodztwo,powiat_miasto,liczba_nowych_zakazen,liczba_ponownych_zakazen,liczba_przypadkow,liczba_nowych_zakazen_na_10_tys_mieszkancow,liczba_ponownych_zakazen_na_10_tys_mieszkancow,liczba_na_10_tys_mieszkancow,zgony,zgony_w_wyniku_covid_bez_chorob_wspolistniejacych,zgony_w_wyniku_covid_i_chorob_wspolistniejacych,liczba_zlecen_poz,liczba_ozdrowiencow,liczba_osob_objetych_kwarantanna,liczba_wykonanych_testow,liczba_testow_z_wynikiem_pozytywnym,liczba_testow_z_wynikiem_negatywnym,liczba_pozostalych_testow,teryt,stan_rekordu_na
Cały kraj,Cały kraj,-,-,1193,-,-,0.31,5,2,3,899,0,0,2433,1224,1207,2,t0000,2024-08-21
dolnośląskie,bolesławiecki,-,-,2,-,-,0.22,0,0,0,0,0,0,3,2,1,0,t0201,2024-08-21
dolnośląskie,dzierżoniowski,-,-,4,-,-,0.4,0,0,0,3,0,0,9,5,4,0,t0202,2024-08-21
dolnośląskie,głogowski,-,-,4,-,-,0.45,0,0,0,0,0,0,15,4,11,0,t0203,2024-08-21
dolnośląskie,górowski,-,-,0,-,-,0.0,0,0,0,0,0,0,0,0,0,0,t0204,2024-08-21
dolnośląskie,jaworski,-,-,0,-,-,0.0,0,0,0,0,0,0,0,0,0,0,t0205,2024-08-21
dolnośląskie,jeleniogórski,-,-,1,-,-,0.16,0,0,0,0,0,0,2,1,1,0,t0206,2024-08-21
dolnośląskie,kamiennogórski,-,-,0,-,-,0.0,0,0,0,0,0,0,0,0,0,0,t0207,2024-08-21
dolnośląskie,kłodzki,-,-,1,-,-,0.06,0,0,0,1,0,0,2,1,1,0,t0208,2024-08-21
dolnośląskie,legnicki,-,-,0,-,-,0.0,0,0,0,0,0,0,0,0,0,0,t0209,2024-08-21
dolnośląskie,lubański,-,-,0,-,-,0.0,0,0,0,0,0,0,0,0,0,0,t0210,2024-08-21
dolnośląskie,lubiński,-,-,6,-,-,0.57,0,0,0,4,0,0,8,7,1,0,t0211,2024-08-21
dolnośląskie,lwówecki,-,-,0,-,-,0.0,0,0,0,0,0,0,0,0,0,0,t0212,2024-08-21
dolnośląskie,milicki,-,-,3,-,-,0.81,0,0,0,3,0,0,3,3,0,0,t0213,2024-08-21
dolnośląskie,oleśnicki,-,-,1,-,-,0.09,0,0,0,0,0,0,1,1,0,0,t0214,2024-08-21
dolnośląskie,oławski,-,-,1,-,-,0.13,0,0,0,0,0,0,1,1,0,0,t0215,2024-08-21
dolnośląskie,polkowicki,-,-,0,-,-,0.0,0,0,0,1,0,0,1,0,1,0,t0216,2024-08-21
dolnośląskie,strzeliński,-,-,2,-,-,0.46,0,0,0,0,0,0,2,2,0,0,t0217,2024-08-21
dolnośląskie,średzki,-,-,0,-,-,0.0,0,0,0,2,0,0,2,0,2,0,t0218,2024-08-21
dolnośląskie,świdnicki,-,-,2,-,-,0.13,0,0,0,0,0,0,2,2,0,0,t0219,2024-08-21
dolnośląskie,trzebnicki,-,-,9,-,-,1.05,0,0,0,1,0,0,10,9,1,0,t0220,2024-08-21
dolnośląskie,wałbrzyski,-,-,0,-,-,0.0,0,0,0,0,0,0,0,0,0,0,t0221,2024-08-21
dolnośląskie,wołowski,-,-,1,-,-,0.21,0,0,0,0,0,0,2,1,1,0,t0222,2024-08-21
dolnośląskie,wrocławski,-,-,5,-,-,0.32,0,0,0,1,0,0,11,5,6,0,t0223,2024-08-21
dolnośląskie,ząbkowicki,-,-,2,-,-,0.31,0,0,0,2,0,0,2,2,0,0,t0224,2024-08-21
dolnośląskie,zgorzelecki,-,-,1,-,-,0.11,0,0,0,1,0,0,2,1,1,0,t0225,2024-08-21
dolnośląskie,złotoryjski,-,-,0,-,-,0.0,0,0,0,0,0,0,0,0,0,0,t0226,2024-08-21
dolnośląskie,Jelenia Góra,-,-,2,-,-,0.25,0,0,0,3,0,0,4,2,2,0,t0261,2024-08-21
dolnośląskie,Legnica,-,-,0,-,-,0.0,0,0,0,0,0,0,0,0,0,0,t0262,2024-08-21
dolnośląskie,Wrocław,-,-,14,-,-,0.22,0,0,0,10,0,0,35,14,21,0,t0264,2024-08-21
dolnośląskie,Wałbrzych,-,-,0,-,-,0.0,0,0,0,0,0,0,0,0,0,0,t0265,2024-08-21
kujawsko-pomorskie,aleksandrowski,-,-,2,-,-,0.36,0,0,0,0,0,0,3,2,1,0,t0401,2024-08-21
kujawsko-pomorskie,brodnicki,-,-,1,-,-,0.13,0,0,0,1,0,0,1,1,0,0,t0402,2024-08-21
kujawsko-pomorskie,bydgoski,-,-,6,-,-,0.5,0,0,0,2,0,0,7,6,1,0,t0403,2024-08-21
kujawsko-pomorskie,chełmiński,-,-,3,-,-,0.58,0,0,0,6,0,0,7,3,4,0,t0404,2024-08-21
kujawsko-pomorskie,golubsko-dobrzyński,-,-,3,-,-,0.67,0,0,0,3,0,0,5,3,2,0,t0405,2024-08-21
kujawsko-pomorskie,grudziądzki,-,-,2,-,-,0.5,0,0,0,1,0,0,3,2,1,0,t0406,2024-08-21
kujawsko-pomorskie,inowrocławski,-,-,20,-,-,1.26,0,0,0,19,0,0,31,20,11,0,t0407,2024-08-21
kujawsko-pomorskie,lipnowski,-,-,3,-,-,0.46,0,0,0,2,0,0,3,3,0,0,t0408,2024-08-21
kujawsko-pomorskie,mogileński,-,-,0,-,-,0.0,0,0,0,0,0,0,0,0,0,0,t0409,2024-08-21
kujawsko-pomorskie,nakielski,-,-,3,-,-,0.35,0,0,0,0,0,0,3,3,0,0,t0410,2024-08-21
kujawsko-pomorskie,radziejowski,-,-,5,-,-,1.24,0,0,0,4,0,0,5,5,0,0,t0411,2024-08-21
kujawsko-pomorskie,rypiński,-,-,0,-,-,0.0,0,0,0,0,0,0,0,0,0,0,t0412,2024-08-21
kujawsko-pomorskie,sępoleński,-,-,0,-,-,0.0,0,0,0,0,0,0,1,0,1,0,t0413,2024-08-21
kujawsko-pomorskie,świecki,-,-,2,-,-,0.2,0,0,0,3,0,0,3,2,1,0,t0414,2024-08-21
kujawsko-pomorskie,toruński,-,-,9,-,-,0.83,0,0,0,11,0,0,19,9,10,0,t0415,2024-08-21
kujawsko-pomorskie,tucholski,-,-,2,-,-,0.41,1,0,1,2,0,0,2,2,0,0,t0416,2024-08-21
kujawsko-pomorskie,wąbrzeski,-,-,2,-,-,0.59,0,0,0,1,0,0,2,2,0,0,t0417,2024-08-21
kujawsko-pomorskie,włocławski,-,-,12,-,-,1.4,0,0,0,8,0,0,21,12,9,0,t0418,2024-08-21
kujawsko-pomorskie,żniński,-,-,5,-,-,0.71,0,0,0,4,0,0,5,5,0,0,t0419,2024-08-21
kujawsko-pomorskie,Bydgoszcz,-,-,22,-,-,0.63,0,0,0,10,0,0,28,22,6,0,t0461,2024-08-21
kujawsko-pomorskie,Grudziądz,-,-,10,-,-,1.06,0,0,0,7,0,0,11,10,1,0,t0462,2024-08-21
kujawsko-pomorskie,Toruń,-,-,20,-,-,0.99,0,0,0,11,0,0,61,21,40,0,t0463,2024-08-21
kujawsko-pomorskie,Włocławek,-,-,3,-,-,0.27,0,0,0,1,0,0,7,3,4,0,t0464,2024-08-21
lubelskie,bialski,-,-,6,-,-,0.54,0,0,0,2,0,0,13,6,7,0,t0601,2024-08-21
lubelskie,biłgorajski,-,-,10,-,-,0.99,0,0,0,5,0,0,11,10,1,0,t0602,2024-08-21
lubelskie,chełmski,-,-,3,-,-,0.39,0,0,0,5,0,0,5,3,2,0,t0603,2024-08-21
lubelskie,hrubieszowski,-,-,3,-,-,0.48,0,0,0,2,0,0,7,4,3,0,t0604,2024-08-21
lubelskie,janowski,-,-,2,-,-,0.44,0,0,0,2,0,0,2,2,0,0,t0605,2024-08-21
lubelskie,krasnostawski,-,-,0,-,-,0.0,0,0,0,0,0,0,2,0,2,0,t0606,2024-08-21
lubelskie,kraśnicki,-,-,5,-,-,0.53,0,0,0,3,0,0,6,5,1,0,t0607,2024-08-21
lubelskie,lubartowski,-,-,10,-,-,1.13,0,0,0,4,0,0,10,10,0,0,t0608,2024-08-21
lubelskie,lubelski,-,-,7,-,-,0.45,0,0,0,4,0,0,20,7,13,0,t0609,2024-08-21
lubelskie,łęczyński,-,-,2,-,-,0.35,0,0,0,1,0,0,3,2,1,0,t0610,2024-08-21
lubelskie,łukowski,-,-,7,-,-,0.66,0,0,0,4,0,0,9,7,2,0,t0611,2024-08-21
lubelskie,opolski,-,-,0,-,-,0.0,0,0,0,1,0,0,3,0,3,0,t0612,2024-08-21
lubelskie,parczewski,-,-,1,-,-,0.29,0,0,0,1,0,0,2,1,1,0,t0613,2024-08-21
lubelskie,puławski,-,-,13,-,-,1.15,0,0,0,18,0,0,19,13,6,0,t0614,2024-08-21
lubelskie,radzyński,-,-,2,-,-,0.34,0,0,0,1,0,0,2,2,0,0,t0615,2024-08-21
lubelskie,rycki,-,-,8,-,-,1.43,0,0,0,9,0,0,9,8,1,0,t0616,2024-08-21
lubelskie,świdnicki,-,-,3,-,-,0.42,0,0,0,3,0,0,4,3,1,0,t0617,2024-08-21
lubelskie,tomaszowski,-,-,6,-,-,0.73,0,0,0,5,0,0,7,6,1,0,t0618,2024-08-21
lubelskie,włodawski,-,-,1,-,-,0.26,0,0,0,0,0,0,1,1,0,0,t0619,2024-08-21
lubelskie,zamojski,-,-,13,-,-,1.23,0,0,0,11,0,0,20,13,7,0,t0620,2024-08-21
lubelskie,Biała Podlaska,-,-,8,-,-,1.4,0,0,0,2,0,0,18,8,10,0,t0661,2024-08-21
lubelskie,Chełm,-,-,0,-,-,0.0,0,0,0,0,0,0,0,0,0,0,t0662,2024-08-21
lubelskie,Lublin,-,-,24,-,-,0.71,0,0,0,17,0,0,59,25,34,0,t0663,2024-08-21
lubelskie,Zamość,-,-,5,-,-,0.79,0,0,0,6,0,0,9,5,4,0,t0664,2024-08-21
lubuskie,gorzowski,-,-,1,-,-,0.14,0,0,0,0,0,0,1,1,0,0,t0801,2024-08-21
lubuskie,krośnieński,-,-,1,-,-,0.18,0,0,0,0,0,0,1,1,0,0,t0802,2024-08-21
lubuskie,międzyrzecki,-,-,2,-,-,0.35,0,0,0,0,0,0,2,2,0,0,t0803,2024-08-21
lubuskie,nowosolski,-,-,4,-,-,0.47,0,0,0,4,0,0,5,4,1,0,t0804,2024-08-21
lubuskie,słubicki,-,-,0,-,-,0.0,0,0,0,0,0,0,1,0,1,0,t0805,2024-08-21
lubuskie,strzelecko-drezdenecki,-,-,0,-,-,0.0,0,0,0,0,0,0,5,0,5,0,t0806,2024-08-21
lubuskie,sulęciński,-,-,0,-,-,0.0,0,0,0,0,0,0,0,0,0,0,t0807,2024-08-21
lubuskie,świebodziński,-,-,0,-,-,0.0,0,0,0,0,0,0,0,0,0,0,t0808,2024-08-21
lubuskie,zielonogórski,-,-,0,-,-,0.0,0,0,0,1,0,0,1,0,1,0,t0809,2024-08-21
lubuskie,żagański,-,-,1,-,-,0.13,0,0,0,1,0,0,1,1,0,0,t0810,2024-08-21
lubuskie,żarski,-,-,0,-,-,0.0,0,0,0,0,0,0,0,0,0,0,t0811,2024-08-21
lubuskie,wschowski,-,-,0,-,-,0.0,0,0,0,0,0,0,0,0,0,0,t0812,2024-08-21
lubuskie,Gorzów Wielkopolski,-,-,2,-,-,0.16,0,0,0,2,0,0,4,2,2,0,t0861,2024-08-21
lubuskie,Zielona Góra,-,-,1,-,-,0.07,0,0,0,1,0,0,1,1,0,0,t0862,2024-08-21
łódzkie,bełchatowski,-,-,0,-,-,0.0,0,0,0,0,0,0,0,0,0,0,t1001,2024-08-21
łódzkie,kutnowski,-,-,1,-,-,0.1,0,0,0,1,0,0,2,1,1,0,t1002,2024-08-21
łódzkie,łaski,-,-,0,-,-,0.0,0,0,0,0,0,0,0,0,0,0,t1003,2024-08-21
łódzkie,łęczycki,-,-,1,-,-,0.2,0,0,0,1,0,0,1,1,0,0,t1004,2024-08-21
łódzkie,łowicki,-,-,1,-,-,0.13,0,0,0,1,0,0,2,1,1,0,t1005,2024-08-21
łódzkie,łódzki wschodni,-,-,0,-,-,0.0,0,0,0,0,0,0,0,0,0,0,t1006,2024-08-21
łódzkie,opoczyński,-,-,3,-,-,0.4,0,0,0,0,0,0,4,3,1,0,t1007,2024-08-21
łódzkie,pabianicki,-,-,0,-,-,0.0,0,0,0,0,0,0,2,0,2,0,t1008,2024-08-21
łódzkie,pajęczański,-,-,1,-,-,0.2,0,0,0,1,0,0,2,1,1,0,t1009,2024-08-21
łódzkie,piotrkowski,-,-,1,-,-,0.11,0,0,0,0,0,0,1,1,0,0,t1010,2024-08-21
łódzkie,poddębicki,-,-,1,-,-,0.24,0,0,0,0,0,0,1,1,0,0,t1011,2024-08-21
łódzkie,radomszczański,-,-,2,-,-,0.18,0,0,0,3,0,0,6,2,4,0,t1012,2024-08-21
łódzkie,rawski,-,-,2,-,-,0.41,0,0,0,2,0,0,3,2,1,0,t1013,2024-08-21
łódzkie,sieradzki,-,-,0,-,-,0.0,0,0,0,1,0,0,1,0,1,0,t1014,2024-08-21
łódzkie,skierniewicki,-,-,2,-,-,0.52,0,0,0,2,0,0,2,2,0,0,t1015,2024-08-21
łódzkie,tomaszowski,-,-,4,-,-,0.34,0,0,0,0,0,0,5,5,0,0,t1016,2024-08-21
łódzkie,wieluński,-,-,0,-,-,0.0,0,0,0,0,0,0,0,0,0,0,t1017,2024-08-21
łódzkie,wieruszowski,-,-,4,-,-,0.95,0,0,0,6,0,0,6,4,2,0,t1018,2024-08-21
łódzkie,zduńskowolski,-,-,0,-,-,0.0,0,0,0,0,0,0,2,0,2,0,t1019,2024-08-21
łódzkie,zgierski,-,-,1,-,-,0.06,0,0,0,1,0,0,4,1,3,0,t1020,2024-08-21
łódzkie,brzeziński,-,-,1,-,-,0.32,0,0,0,2,0,0,2,1,1,0,t1021,2024-08-21
łódzkie,Łódź,-,-,12,-,-,0.18,0,0,0,14,0,0,26,14,12,0,t1061,2024-08-21
łódzkie,Piotrków Trybunalski,-,-,4,-,-,0.55,0,0,0,1,0,0,4,4,0,0,t1062,2024-08-21
łódzkie,Skierniewice,-,-,2,-,-,0.42,0,0,0,2,0,0,2,2,0,0,t1063,2024-08-21
małopolskie,bocheński,-,-,6,-,-,0.56,0,0,0,0,0,0,9,6,3,0,t1201,2024-08-21
małopolskie,brzeski,-,-,2,-,-,0.21,0,0,0,1,0,0,12,2,10,0,t1202,2024-08-21
małopolskie,chrzanowski,-,-,2,-,-,0.16,0,0,0,1,0,0,3,2,1,0,t1203,2024-08-21
małopolskie,dąbrowski,-,-,0,-,-,0.0,0,0,0,0,0,0,0,0,0,0,t1204,2024-08-21
małopolskie,gorlicki,-,-,12,-,-,1.1,0,0,0,3,0,0,15,12,3,0,t1205,2024-08-21
małopolskie,krakowski,-,-,1,-,-,0.04,0,0,0,1,0,0,3,1,2,0,t1206,2024-08-21
małopolskie,limanowski,-,-,0,-,-,0.0,0,0,0,0,0,0,0,0,0,0,t1207,2024-08-21
małopolskie,miechowski,-,-,1,-,-,0.21,0,0,0,0,0,0,1,1,0,0,t1208,2024-08-21
małopolskie,myślenicki,-,-,1,-,-,0.08,0,0,0,0,0,0,1,1,0,0,t1209,2024-08-21
małopolskie,nowosądecki,-,-,4,-,-,0.18,0,0,0,1,0,0,6,4,2,0,t1210,2024-08-21
małopolskie,nowotarski,-,-,2,-,-,0.1,0,0,0,2,0,0,2,2,0,0,t1211,2024-08-21
małopolskie,olkuski,-,-,0,-,-,0.0,0,0,0,0,0,0,0,0,0,0,t1212,2024-08-21
małopolskie,oświęcimski,-,-,2,-,-,0.13,0,0,0,2,0,0,4,2,2,0,t1213,2024-08-21
małopolskie,proszowicki,-,-,0,-,-,0.0,0,0,0,0,0,0,0,0,0,0,t1214,2024-08-21
małopolskie,suski,-,-,3,-,-,0.36,0,0,0,3,0,0,4,3,1,0,t1215,2024-08-21
małopolskie,tarnowski,-,-,4,-,-,0.2,0,0,0,2,0,0,5,4,1,0,t1216,2024-08-21
małopolskie,tatrzański,-,-,0,-,-,0.0,0,0,0,0,0,0,0,0,0,0,t1217,2024-08-21
małopolskie,wadowicki,-,-,29,-,-,1.81,0,0,0,23,0,0,49,29,20,0,t1218,2024-08-21
małopolskie,wielicki,-,-,1,-,-,0.08,0,0,0,1,0,0,3,1,2,0,t1219,2024-08-21
małopolskie,Kraków,-,-,17,-,-,0.22,0,0,0,17,0,0,35,17,18,0,t1261,2024-08-21
małopolskie,Nowy Sącz,-,-,1,-,-,0.12,0,0,0,0,0,0,8,1,7,0,t1262,2024-08-21
małopolskie,Tarnów,-,-,0,-,-,0.0,0,0,0,0,0,0,0,0,0,0,t1263,2024-08-21
mazowieckie,białobrzeski,-,-,4,-,-,1.2,0,0,0,4,0,0,4,4,0,0,t1401,2024-08-21
mazowieckie,ciechanowski,-,-,3,-,-,0.34,0,0,0,7,0,0,7,3,4,0,t1402,2024-08-21
mazowieckie,garwoliński,-,-,15,-,-,1.38,0,0,0,11,0,0,24,16,8,0,t1403,2024-08-21
mazowieckie,gostyniński,-,-,2,-,-,0.45,0,0,0,1,0,0,2,2,0,0,t1404,2024-08-21
mazowieckie,grodziski,-,-,1,-,-,0.1,0,0,0,1,0,0,3,1,2,0,t1405,2024-08-21
mazowieckie,grójecki,-,-,10,-,-,1.02,0,0,0,10,0,0,13,10,3,0,t1406,2024-08-21
mazowieckie,kozienicki,-,-,5,-,-,0.84,0,0,0,3,0,0,5,5,0,0,t1407,2024-08-21
mazowieckie,legionowski,-,-,4,-,-,0.34,0,0,0,3,0,0,4,4,0,0,t1408,2024-08-21
mazowieckie,lipski,-,-,6,-,-,1.78,0,0,0,0,0,0,6,6,0,0,t1409,2024-08-21
mazowieckie,łosicki,-,-,0,-,-,0.0,0,0,0,1,0,0,1,0,1,0,t1410,2024-08-21
mazowieckie,makowski,-,-,0,-,-,0.0,0,0,0,0,0,0,0,0,0,0,t1411,2024-08-21
mazowieckie,miński,-,-,5,-,-,0.32,0,0,0,5,0,0,14,5,9,0,t1412,2024-08-21
mazowieckie,mławski,-,-,6,-,-,0.83,0,0,0,1,0,0,8,6,2,0,t1413,2024-08-21
mazowieckie,nowodworski,-,-,7,-,-,0.88,0,0,0,0,0,0,14,7,7,0,t1414,2024-08-21
mazowieckie,ostrołęcki,-,-,0,-,-,0.0,0,0,0,1,0,0,1,0,1,0,t1415,2024-08-21
mazowieckie,ostrowski,-,-,7,-,-,0.97,0,0,0,3,0,0,8,7,1,0,t1416,2024-08-21
mazowieckie,otwocki,-,-,16,-,-,1.29,0,0,0,10,0,0,16,16,0,0,t1417,2024-08-21
mazowieckie,piaseczyński,-,-,7,-,-,0.37,0,0,0,2,0,0,8,7,1,0,t1418,2024-08-21
mazowieckie,płocki,-,-,1,-,-,0.09,0,0,0,3,0,0,4,1,3,0,t1419,2024-08-21
mazowieckie,płoński,-,-,1,-,-,0.12,0,0,0,0,0,0,3,1,2,0,t1420,2024-08-21
mazowieckie,pruszkowski,-,-,1,-,-,0.06,0,0,0,0,0,0,1,1,0,0,t1421,2024-08-21
mazowieckie,przasnyski,-,-,2,-,-,0.38,0,0,0,2,0,0,4,2,2,0,t1422,2024-08-21
mazowieckie,przysuski,-,-,5,-,-,1.21,0,0,0,4,0,0,6,5,1,0,t1423,2024-08-21
mazowieckie,pułtuski,-,-,0,-,-,0.0,0,0,0,0,0,0,1,0,1,0,t1424,2024-08-21
mazowieckie,radomski,-,-,3,-,-,0.2,0,0,0,1,0,0,7,4,3,0,t1425,2024-08-21
mazowieckie,siedlecki,-,-,10,-,-,1.23,0,0,0,7,0,0,20,10,10,0,t1426,2024-08-21
mazowieckie,sierpecki,-,-,0,-,-,0.0,0,0,0,0,0,0,0,0,0,0,t1427,2024-08-21
mazowieckie,sochaczewski,-,-,1,-,-,0.12,0,0,0,0,0,0,1,1,0,0,t1428,2024-08-21
mazowieckie,sokołowski,-,-,1,-,-,0.19,0,0,0,0,0,0,2,1,1,0,t1429,2024-08-21
mazowieckie,szydłowiecki,-,-,3,-,-,0.76,0,0,0,5,0,0,5,3,2,0,t1430,2024-08-21
mazowieckie,warszawski zachodni,-,-,1,-,-,0.08,0,0,0,1,0,0,2,1,1,0,t1432,2024-08-21
mazowieckie,węgrowski,-,-,1,-,-,0.15,0,0,0,0,0,0,4,1,3,0,t1433,2024-08-21
mazowieckie,wołomiński,-,-,10,-,-,0.4,0,0,0,8,0,0,17,10,7,0,t1434,2024-08-21
mazowieckie,wyszkowski,-,-,9,-,-,1.21,0,0,0,6,0,0,11,10,1,0,t1435,2024-08-21
mazowieckie,zwoleński,-,-,10,-,-,2.78,0,0,0,10,0,0,11,10,1,0,t1436,2024-08-21
mazowieckie,żuromiński,-,-,2,-,-,0.52,0,0,0,0,0,0,2,2,0,0,t1437,2024-08-21
mazowieckie,żyrardowski,-,-,3,-,-,0.4,0,0,0,3,0,0,3,3,0,0,t1438,2024-08-21
mazowieckie,Ostrołęka,-,-,1,-,-,0.19,0,0,0,1,0,0,1,1,0,0,t1461,2024-08-21
mazowieckie,Płock,-,-,0,-,-,0.0,0,0,0,0,0,0,2,0,2,0,t1462,2024-08-21
mazowieckie,Radom,-,-,5,-,-,0.24,0,0,0,2,0,0,8,5,3,0,t1463,2024-08-21
mazowieckie,Siedlce,-,-,14,-,-,1.79,0,0,0,13,0,0,23,15,8,0,t1464,2024-08-21
mazowieckie,Warszawa,-,-,33,-,-,0.18,0,0,0,21,0,0,336,35,301,0,t1465,2024-08-21
opolskie,brzeski,-,-,2,-,-,0.22,0,0,0,1,0,0,3,2,1,0,t1601,2024-08-21
opolskie,głubczycki,-,-,0,-,-,0.0,0,0,0,0,0,0,1,0,1,0,t1602,2024-08-21
opolskie,kędzierzyńsko-kozielski,-,-,1,-,-,0.11,0,0,0,0,0,0,3,1,2,0,t1603,2024-08-21
opolskie,kluczborski,-,-,1,-,-,0.15,0,0,0,0,0,0,2,1,1,0,t1604,2024-08-21
opolskie,krapkowicki,-,-,0,-,-,0.0,0,0,0,0,0,0,1,0,1,0,t1605,2024-08-21
opolskie,namysłowski,-,-,0,-,-,0.0,0,0,0,0,0,0,2,0,2,0,t1606,2024-08-21
opolskie,nyski,-,-,8,-,-,0.59,0,0,0,3,0,0,10,9,1,0,t1607,2024-08-21
opolskie,oleski,-,-,0,-,-,0.0,0,0,0,0,0,0,1,0,1,0,t1608,2024-08-21
opolskie,opolski,-,-,1,-,-,0.08,0,0,0,2,0,0,7,1,6,0,t1609,2024-08-21
opolskie,prudnicki,-,-,0,-,-,0.0,0,0,0,0,0,0,1,0,1,0,t1610,2024-08-21
opolskie,strzelecki,-,-,0,-,-,0.0,0,0,0,0,0,0,2,0,2,0,t1611,2024-08-21
opolskie,Opole,-,-,8,-,-,0.62,0,0,0,0,0,0,13,8,5,0,t1661,2024-08-21
podkarpackie,bieszczadzki,-,-,0,-,-,0.0,0,0,0,0,0,0,0,0,0,0,t1801,2024-08-21
podkarpackie,brzozowski,-,-,0,-,-,0.0,0,0,0,0,0,0,0,0,0,0,t1802,2024-08-21
podkarpackie,dębicki,-,-,5,-,-,0.37,0,0,0,6,0,0,9,5,4,0,t1803,2024-08-21
podkarpackie,jarosławski,-,-,5,-,-,0.42,0,0,0,1,0,0,7,6,1,0,t1804,2024-08-21
podkarpackie,jasielski,-,-,6,-,-,0.53,0,0,0,0,0,0,10,6,4,0,t1805,2024-08-21
podkarpackie,kolbuszowski,-,-,0,-,-,0.0,0,0,0,0,0,0,1,0,1,0,t1806,2024-08-21
podkarpackie,krośnieński,-,-,2,-,-,0.18,0,0,0,2,0,0,2,2,0,0,t1807,2024-08-21
podkarpackie,leżajski,-,-,9,-,-,1.3,0,0,0,6,0,0,9,9,0,0,t1808,2024-08-21
podkarpackie,lubaczowski,-,-,0,-,-,0.0,0,0,0,0,0,0,0,0,0,0,t1809,2024-08-21
podkarpackie,łańcucki,-,-,3,-,-,0.37,0,0,0,1,0,0,3,3,0,0,t1810,2024-08-21
podkarpackie,mielecki,-,-,1,-,-,0.07,0,0,0,1,0,0,2,1,1,0,t1811,2024-08-21
podkarpackie,niżański,-,-,1,-,-,0.15,0,0,0,1,0,0,1,1,0,0,t1812,2024-08-21
podkarpackie,przemyski,-,-,2,-,-,0.27,0,0,0,1,0,0,3,2,1,0,t1813,2024-08-21
podkarpackie,przeworski,-,-,2,-,-,0.26,0,0,0,2,0,0,3,2,1,0,t1814,2024-08-21
podkarpackie,ropczycko-sędziszowski,-,-,6,-,-,0.8,0,0,0,6,0,0,11,6,5,0,t1815,2024-08-21
podkarpackie,rzeszowski,-,-,2,-,-,0.12,0,0,0,2,0,0,2,2,0,0,t1816,2024-08-21
podkarpackie,sanocki,-,-,14,-,-,1.49,0,0,0,9,0,0,15,14,0,1,t1817,2024-08-21
podkarpackie,stalowowolski,-,-,0,-,-,0.0,0,0,0,1,0,0,1,0,1,0,t1818,2024-08-21
podkarpackie,strzyżowski,-,-,2,-,-,0.33,0,0,0,1,0,0,3,2,1,0,t1819,2024-08-21
podkarpackie,tarnobrzeski,-,-,3,-,-,0.57,0,0,0,4,0,0,4,3,1,0,t1820,2024-08-21
podkarpackie,leski,-,-,2,-,-,0.76,0,0,0,0,0,0,2,2,0,0,t1821,2024-08-21
podkarpackie,Krosno,-,-,4,-,-,0.87,0,0,0,1,0,0,8,4,4,0,t1861,2024-08-21
podkarpackie,Przemyśl,-,-,2,-,-,0.33,0,0,0,1,0,0,4,3,1,0,t1862,2024-08-21
podkarpackie,Rzeszów,-,-,3,-,-,0.15,0,0,0,2,0,0,3,3,0,0,t1863,2024-08-21
podkarpackie,Tarnobrzeg,-,-,0,-,-,0.0,0,0,0,1,0,0,1,0,1,0,t1864,2024-08-21
podlaskie,augustowski,-,-,6,-,-,1.04,0,0,0,5,0,0,7,6,1,0,t2001,2024-08-21
podlaskie,białostocki,-,-,9,-,-,0.6,0,0,0,9,0,0,12,9,3,0,t2002,2024-08-21
podlaskie,bielski,-,-,4,-,-,0.74,0,0,0,4,0,0,9,4,5,0,t2003,2024-08-21
podlaskie,grajewski,-,-,0,-,-,0.0,0,0,0,0,0,0,0,0,0,0,t2004,2024-08-21
podlaskie,hajnowski,-,-,1,-,-,0.24,0,0,0,0,0,0,1,1,0,0,t2005,2024-08-21
podlaskie,kolneński,-,-,0,-,-,0.0,0,0,0,0,0,0,0,0,0,0,t2006,2024-08-21
podlaskie,łomżyński,-,-,0,-,-,0.0,0,0,0,1,0,0,1,0,1,0,t2007,2024-08-21
podlaskie,moniecki,-,-,1,-,-,0.25,0,0,0,0,0,0,6,1,5,0,t2008,2024-08-21
podlaskie,sejneński,-,-,1,-,-,0.5,0,0,0,2,0,0,7,1,6,0,t2009,2024-08-21
podlaskie,siemiatycki,-,-,1,-,-,0.23,0,0,0,0,0,0,6,1,5,0,t2010,2024-08-21
podlaskie,sokólski,-,-,1,-,-,0.15,0,0,0,1,0,0,1,1,0,0,t2011,2024-08-21
podlaskie,suwalski,-,-,2,-,-,0.56,0,0,0,1,0,0,7,2,5,0,t2012,2024-08-21
podlaskie,wysokomazowiecki,-,-,1,-,-,0.18,0,0,0,1,0,0,1,1,0,0,t2013,2024-08-21
podlaskie,zambrowski,-,-,2,-,-,0.46,0,0,0,3,0,0,3,2,1,0,t2014,2024-08-21
podlaskie,Białystok,-,-,14,-,-,0.47,0,0,0,16,0,0,23,14,9,0,t2061,2024-08-21
podlaskie,Łomża,-,-,6,-,-,0.96,0,0,0,3,0,0,6,6,0,0,t2062,2024-08-21
podlaskie,Suwałki,-,-,3,-,-,0.43,0,0,0,2,0,0,9,3,6,0,t2063,2024-08-21
pomorskie,bytowski,-,-,5,-,-,0.63,0,0,0,4,0,0,6,5,1,0,t2201,2024-08-21
pomorskie,chojnicki,-,-,1,-,-,0.1,0,0,0,1,0,0,1,1,0,0,t2202,2024-08-21
pomorskie,człuchowski,-,-,0,-,-,0.0,0,0,0,0,0,0,0,0,0,0,t2203,2024-08-21
pomorskie,gdański,-,-,1,-,-,0.08,0,0,0,4,0,0,5,1,4,0,t2204,2024-08-21
pomorskie,kartuski,-,-,2,-,-,0.14,0,0,0,0,0,0,8,2,6,0,t2205,2024-08-21
pomorskie,kościerski,-,-,2,-,-,0.27,0,0,0,1,0,0,5,2,3,0,t2206,2024-08-21
pomorskie,kwidzyński,-,-,0,-,-,0.0,0,0,0,0,0,0,0,0,0,0,t2207,2024-08-21
pomorskie,lęborski,-,-,4,-,-,0.61,0,0,0,4,0,0,4,4,0,0,t2208,2024-08-21
pomorskie,malborski,-,-,0,-,-,0.0,0,0,0,0,0,0,1,0,1,0,t2209,2024-08-21
pomorskie,nowodworski,-,-,0,-,-,0.0,0,0,0,0,0,0,0,0,0,0,t2210,2024-08-21
pomorskie,pucki,-,-,3,-,-,0.34,0,0,0,6,0,0,6,3,3,0,t2211,2024-08-21
pomorskie,słupski,-,-,2,-,-,0.2,0,0,0,2,0,0,6,2,4,0,t2212,2024-08-21
pomorskie,starogardzki,-,-,1,-,-,0.08,0,0,0,2,0,0,1,1,0,0,t2213,2024-08-21
pomorskie,tczewski,-,-,8,-,-,0.69,0,0,0,3,0,0,8,8,0,0,t2214,2024-08-21
pomorskie,wejherowski,-,-,4,-,-,0.18,0,0,0,5,0,0,9,4,5,0,t2215,2024-08-21
pomorskie,sztumski,-,-,1,-,-,0.24,0,0,0,2,0,0,2,1,1,0,t2216,2024-08-21
pomorskie,Gdańsk,-,-,12,-,-,0.25,0,0,0,12,0,0,32,16,16,0,t2261,2024-08-21
pomorskie,Gdynia,-,-,4,-,-,0.16,0,0,0,7,0,0,12,4,8,0,t2262,2024-08-21
pomorskie,Słupsk,-,-,1,-,-,0.11,0,0,0,0,0,0,2,1,1,0,t2263,2024-08-21
pomorskie,Sopot,-,-,1,-,-,0.28,0,0,0,1,0,0,2,1,1,0,t2264,2024-08-21
śląskie,będziński,-,-,3,-,-,0.2,0,0,0,2,0,0,5,3,2,0,t2401,2024-08-21
śląskie,bielski,-,-,3,-,-,0.18,0,0,0,3,0,0,7,3,4,0,t2402,2024-08-21
śląskie,cieszyński,-,-,2,-,-,0.11,0,0,0,2,0,0,3,2,1,0,t2403,2024-08-21
śląskie,częstochowski,-,-,0,-,-,0.0,0,0,0,1,0,0,1,0,1,0,t2404,2024-08-21
śląskie,gliwicki,-,-,2,-,-,0.17,0,0,0,3,0,0,4,2,2,0,t2405,2024-08-21
śląskie,kłobucki,-,-,5,-,-,0.59,0,0,0,4,0,0,5,5,0,0,t2406,2024-08-21
śląskie,lubliniecki,-,-,1,-,-,0.13,0,0,0,1,0,0,1,1,0,0,t2407,2024-08-21
śląskie,mikołowski,-,-,0,-,-,0.0,0,0,0,0,0,0,4,0,4,0,t2408,2024-08-21
śląskie,myszkowski,-,-,3,-,-,0.42,0,0,0,4,0,0,4,3,1,0,t2409,2024-08-21
śląskie,pszczyński,-,-,2,-,-,0.18,0,0,0,1,0,0,5,2,3,0,t2410,2024-08-21
śląskie,raciborski,-,-,0,-,-,0.0,0,0,0,1,0,0,1,0,1,0,t2411,2024-08-21
śląskie,rybnicki,-,-,0,-,-,0.0,0,0,0,0,0,0,0,0,0,0,t2412,2024-08-21
śląskie,tarnogórski,-,-,4,-,-,0.28,0,0,0,6,0,0,9,4,5,0,t2413,2024-08-21
śląskie,bieruńsko-lędziński,-,-,0,-,-,0.0,0,0,0,1,0,0,1,0,1,0,t2414,2024-08-21
śląskie,wodzisławski,-,-,3,-,-,0.19,0,0,0,1,0,0,5,3,2,0,t2415,2024-08-21
śląskie,zawierciański,-,-,1,-,-,0.09,0,0,0,1,0,0,1,1,0,0,t2416,2024-08-21
śląskie,żywiecki,-,-,0,-,-,0.0,0,0,0,0,0,0,0,0,0,0,t2417,2024-08-21
śląskie,Bielsko-Biała,-,-,8,-,-,0.47,0,0,0,7,0,0,12,8,4,0,t2461,2024-08-21
śląskie,Bytom,-,-,7,-,-,0.43,0,0,0,2,0,0,13,7,6,0,t2462,2024-08-21
śląskie,Chorzów,-,-,2,-,-,0.19,0,0,0,3,0,0,3,2,1,0,t2463,2024-08-21
śląskie,Częstochowa,-,-,3,-,-,0.14,0,0,0,5,0,0,6,3,3,0,t2464,2024-08-21
śląskie,Dąbrowa Górnicza,-,-,2,-,-,0.17,0,0,0,2,0,0,2,2,0,0,t2465,2024-08-21
śląskie,Gliwice,-,-,1,-,-,0.06,0,0,0,0,0,0,1,1,0,0,t2466,2024-08-21
śląskie,Jastrzębie-Zdrój,-,-,2,-,-,0.23,0,0,0,3,0,0,4,3,1,0,t2467,2024-08-21
śląskie,Jaworzno,-,-,1,-,-,0.11,0,0,0,3,0,0,3,1,2,0,t2468,2024-08-21
śląskie,Katowice,-,-,3,-,-,0.1,0,0,0,7,0,0,22,3,19,0,t2469,2024-08-21
śląskie,Mysłowice,-,-,1,-,-,0.13,0,0,0,1,0,0,5,1,4,0,t2470,2024-08-21
śląskie,Piekary Śląskie,-,-,1,-,-,0.18,0,0,0,0,0,0,1,1,0,0,t2471,2024-08-21
śląskie,Ruda Śląska,-,-,2,-,-,0.15,0,0,0,2,0,0,4,2,2,0,t2472,2024-08-21
śląskie,Rybnik,-,-,0,-,-,0.0,0,0,0,0,0,0,0,0,0,0,t2473,2024-08-21
śląskie,Siemianowice Śląskie,-,-,3,-,-,0.45,0,0,0,5,0,0,6,3,3,0,t2474,2024-08-21
śląskie,Sosnowiec,-,-,6,-,-,0.3,0,0,0,8,0,0,14,6,7,1,t2475,2024-08-21
śląskie,Świętochłowice,-,-,2,-,-,0.41,0,0,0,1,0,0,5,2,3,0,t2476,2024-08-21
śląskie,Tychy,-,-,0,-,-,0.0,0,0,0,1,0,0,2,0,2,0,t2477,2024-08-21
śląskie,Zabrze,-,-,0,-,-,0.0,0,0,0,0,0,0,0,0,0,0,t2478,2024-08-21
śląskie,Żory,-,-,1,-,-,0.16,0,0,0,0,0,0,1,1,0,0,t2479,2024-08-21
świętokrzyskie,buski,-,-,0,-,-,0.0,0,0,0,0,0,0,0,0,0,0,t2601,2024-08-21
świętokrzyskie,jędrzejowski,-,-,0,-,-,0.0,0,0,0,0,0,0,0,0,0,0,t2602,2024-08-21
świętokrzyskie,kazimierski,-,-,0,-,-,0.0,0,0,0,0,0,0,0,0,0,0,t2603,2024-08-21
świętokrzyskie,kielecki,-,-,3,-,-,0.14,0,0,0,2,0,0,3,3,0,0,t2604,2024-08-21
świętokrzyskie,konecki,-,-,1,-,-,0.13,0,0,0,1,0,0,1,1,0,0,t2605,2024-08-21
świętokrzyskie,opatowski,-,-,1,-,-,0.19,0,0,0,0,0,0,2,2,0,0,t2606,2024-08-21
świętokrzyskie,ostrowiecki,-,-,0,-,-,0.0,0,0,0,0,0,0,0,0,0,0,t2607,2024-08-21
świętokrzyskie,pińczowski,-,-,1,-,-,0.26,0,0,0,0,0,0,1,1,0,0,t2608,2024-08-21
świętokrzyskie,sandomierski,-,-,4,-,-,0.52,0,0,0,5,0,0,6,4,2,0,t2609,2024-08-21
świętokrzyskie,skarżyski,-,-,6,-,-,0.82,0,0,0,5,0,0,6,6,0,0,t2610,2024-08-21
świętokrzyskie,starachowicki,-,-,5,-,-,0.56,0,0,0,2,0,0,6,6,0,0,t2611,2024-08-21
świętokrzyskie,staszowski,-,-,6,-,-,0.84,0,0,0,5,0,0,13,6,7,0,t2612,2024-08-21
świętokrzyskie,włoszczowski,-,-,1,-,-,0.22,0,0,0,1,0,0,1,1,0,0,t2613,2024-08-21
świętokrzyskie,Kielce,-,-,4,-,-,0.21,0,0,0,4,0,0,4,4,0,0,t2661,2024-08-21
warmińsko-mazurskie,bartoszycki,-,-,6,-,-,1.05,0,0,0,2,0,0,7,6,1,0,t2801,2024-08-21
warmińsko-mazurskie,braniewski,-,-,1,-,-,0.24,0,0,0,0,0,0,3,1,2,0,t2802,2024-08-21
warmińsko-mazurskie,działdowski,-,-,9,-,-,1.39,0,0,0,16,0,0,20,10,10,0,t2803,2024-08-21
warmińsko-mazurskie,elbląski,-,-,2,-,-,0.35,0,0,0,0,0,0,3,2,1,0,t2804,2024-08-21
warmińsko-mazurskie,ełcki,-,-,5,-,-,0.55,0,0,0,2,0,0,6,5,1,0,t2805,2024-08-21
warmińsko-mazurskie,giżycki,-,-,1,-,-,0.18,0,0,0,4,0,0,5,1,4,0,t2806,2024-08-21
warmińsko-mazurskie,iławski,-,-,4,-,-,0.43,0,0,0,8,0,0,15,4,11,0,t2807,2024-08-21
warmińsko-mazurskie,kętrzyński,-,-,2,-,-,0.32,0,0,0,0,0,0,2,2,0,0,t2808,2024-08-21
warmińsko-mazurskie,lidzbarski,-,-,0,-,-,0.0,0,0,0,0,0,0,2,0,2,0,t2809,2024-08-21
warmińsko-mazurskie,mrągowski,-,-,1,-,-,0.2,0,0,0,1,0,0,2,1,1,0,t2810,2024-08-21
warmińsko-mazurskie,nidzicki,-,-,5,-,-,1.53,0,0,0,5,0,0,5,5,0,0,t2811,2024-08-21
warmińsko-mazurskie,nowomiejski,-,-,2,-,-,0.46,2,1,1,2,0,0,4,2,2,0,t2812,2024-08-21
warmińsko-mazurskie,olecki,-,-,0,-,-,0.0,0,0,0,0,0,0,1,1,0,0,t2813,2024-08-21
warmińsko-mazurskie,olsztyński,-,-,1,-,-,0.08,0,0,0,0,0,0,6,1,5,0,t2814,2024-08-21
warmińsko-mazurskie,ostródzki,-,-,2,-,-,0.19,0,0,0,1,0,0,2,2,0,0,t2815,2024-08-21
warmińsko-mazurskie,piski,-,-,1,-,-,0.18,0,0,0,1,0,0,1,1,0,0,t2816,2024-08-21
warmińsko-mazurskie,szczycieński,-,-,3,-,-,0.43,0,0,0,7,0,0,21,3,18,0,t2817,2024-08-21
warmińsko-mazurskie,gołdapski,-,-,1,-,-,0.38,0,0,0,0,0,0,1,1,0,0,t2818,2024-08-21
warmińsko-mazurskie,węgorzewski,-,-,2,-,-,0.89,0,0,0,0,0,0,2,2,0,0,t2819,2024-08-21
warmińsko-mazurskie,Elbląg,-,-,3,-,-,0.25,0,0,0,3,0,0,4,3,1,0,t2861,2024-08-21
warmińsko-mazurskie,Olsztyn,-,-,4,-,-,0.23,0,0,0,7,0,0,9,4,5,0,t2862,2024-08-21
wielkopolskie,chodzieski,-,-,0,-,-,0.0,0,0,0,0,0,0,0,0,0,0,t3001,2024-08-21
wielkopolskie,czarnkowsko-trzcianecki,-,-,1,-,-,0.12,0,0,0,0,0,0,1,1,0,0,t3002,2024-08-21
wielkopolskie,gnieźnieński,-,-,9,-,-,0.62,0,0,0,4,0,0,11,9,2,0,t3003,2024-08-21
wielkopolskie,gostyński,-,-,4,-,-,0.53,0,0,0,3,0,0,4,4,0,0,t3004,2024-08-21
wielkopolskie,grodziski,-,-,2,-,-,0.39,0,0,0,2,0,0,2,2,0,0,t3005,2024-08-21
wielkopolskie,jarociński,-,-,0,-,-,0.0,0,0,0,0,0,0,0,0,0,0,t3006,2024-08-21
wielkopolskie,kaliski,-,-,1,-,-,0.12,0,0,0,0,0,0,1,1,0,0,t3007,2024-08-21
wielkopolskie,kępiński,-,-,1,-,-,0.18,0,0,0,1,0,0,1,1,0,0,t3008,2024-08-21
wielkopolskie,kolski,-,-,4,-,-,0.46,0,0,0,4,0,0,5,4,1,0,t3009,2024-08-21
wielkopolskie,koniński,-,-,4,-,-,0.31,0,0,0,3,0,0,5,4,1,0,t3010,2024-08-21
wielkopolskie,kościański,-,-,0,-,-,0.0,0,0,0,0,0,0,0,0,0,0,t3011,2024-08-21
wielkopolskie,krotoszyński,-,-,5,-,-,0.65,0,0,0,5,0,0,5,5,0,0,t3012,2024-08-21
wielkopolskie,leszczyński,-,-,1,-,-,0.17,0,0,0,0,0,0,1,1,0,0,t3013,2024-08-21
wielkopolskie,międzychodzki,-,-,0,-,-,0.0,0,0,0,0,0,0,0,0,0,0,t3014,2024-08-21
wielkopolskie,nowotomyski,-,-,1,-,-,0.13,0,0,0,1,0,0,1,1,0,0,t3015,2024-08-21
wielkopolskie,obornicki,-,-,1,-,-,0.17,0,0,0,1,0,0,1,1,0,0,t3016,2024-08-21
wielkopolskie,ostrowski,-,-,0,-,-,0.0,0,0,0,0,0,0,8,0,8,0,t3017,2024-08-21
wielkopolskie,ostrzeszowski,-,-,5,-,-,0.9,0,0,0,5,0,0,7,5,2,0,t3018,2024-08-21
wielkopolskie,pilski,-,-,5,-,-,0.37,0,0,0,3,0,0,6,5,1,0,t3019,2024-08-21
wielkopolskie,pleszewski,-,-,0,-,-,0.0,0,0,0,0,0,0,0,0,0,0,t3020,2024-08-21
wielkopolskie,poznański,-,-,6,-,-,0.15,0,0,0,7,0,0,25,6,19,0,t3021,2024-08-21
wielkopolskie,rawicki,-,-,3,-,-,0.5,0,0,0,6,0,0,9,4,5,0,t3022,2024-08-21
wielkopolskie,słupecki,-,-,0,-,-,0.0,0,0,0,0,0,0,0,0,0,0,t3023,2024-08-21
wielkopolskie,szamotulski,-,-,0,-,-,0.0,0,0,0,0,0,0,0,0,0,0,t3024,2024-08-21
wielkopolskie,średzki,-,-,9,-,-,1.52,1,0,1,2,0,0,11,9,2,0,t3025,2024-08-21
wielkopolskie,śremski,-,-,3,-,-,0.49,0,0,0,2,0,0,3,3,0,0,t3026,2024-08-21
wielkopolskie,turecki,-,-,8,-,-,0.95,0,0,0,1,0,0,9,8,1,0,t3027,2024-08-21
wielkopolskie,wągrowiecki,-,-,3,-,-,0.43,0,0,0,0,0,0,4,3,1,0,t3028,2024-08-21
wielkopolskie,wolsztyński,-,-,1,-,-,0.17,0,0,0,0,0,0,1,1,0,0,t3029,2024-08-21
wielkopolskie,wrzesiński,-,-,3,-,-,0.38,0,0,0,2,0,0,4,3,1,0,t3030,2024-08-21
wielkopolskie,złotowski,-,-,1,-,-,0.14,0,0,0,0,0,0,1,1,0,0,t3031,2024-08-21
wielkopolskie,Kalisz,-,-,0,-,-,0.0,0,0,0,0,0,0,0,0,0,0,t3061,2024-08-21
wielkopolskie,Konin,-,-,1,-,-,0.14,0,0,0,0,0,0,1,1,0,0,t3062,2024-08-21
wielkopolskie,Leszno,-,-,2,-,-,0.32,0,0,0,0,0,0,2,2,0,0,t3063,2024-08-21
wielkopolskie,Poznań,-,-,9,-,-,0.17,1,1,0,8,0,0,17,9,8,0,t3064,2024-08-21
zachodniopomorskie,białogardzki,-,-,0,-,-,0.0,0,0,0,0,0,0,0,0,0,0,t3201,2024-08-21
zachodniopomorskie,choszczeński,-,-,1,-,-,0.21,0,0,0,0,0,0,1,1,0,0,t3202,2024-08-21
zachodniopomorskie,drawski,-,-,0,-,-,0.0,0,0,0,0,0,0,1,0,1,0,t3203,2024-08-21
zachodniopomorskie,goleniowski,-,-,0,-,-,0.0,0,0,0,0,0,0,0,0,0,0,t3204,2024-08-21
zachodniopomorskie,gryficki,-,-,0,-,-,0.0,0,0,0,0,0,0,1,0,1,0,t3205,2024-08-21
zachodniopomorskie,gryfiński,-,-,5,-,-,0.61,0,0,0,5,0,0,6,5,1,0,t3206,2024-08-21
zachodniopomorskie,kamieński,-,-,0,-,-,0.0,0,0,0,0,0,0,0,0,0,0,t3207,2024-08-21
zachodniopomorskie,kołobrzeski,-,-,6,-,-,0.76,0,0,0,3,0,0,7,6,1,0,t3208,2024-08-21
zachodniopomorskie,koszaliński,-,-,1,-,-,0.15,0,0,0,0,0,0,9,1,8,0,t3209,2024-08-21
zachodniopomorskie,myśliborski,-,-,2,-,-,0.31,0,0,0,1,0,0,3,2,1,0,t3210,2024-08-21
zachodniopomorskie,policki,-,-,3,-,-,0.37,0,0,0,3,0,0,3,3,0,0,t3211,2024-08-21
zachodniopomorskie,pyrzycki,-,-,0,-,-,0.0,0,0,0,0,0,0,1,0,1,0,t3212,2024-08-21
zachodniopomorskie,sławieński,-,-,0,-,-,0.0,0,0,0,1,0,0,1,0,1,0,t3213,2024-08-21
zachodniopomorskie,stargardzki,-,-,1,-,-,0.08,0,0,0,0,0,0,2,1,1,0,t3214,2024-08-21
zachodniopomorskie,szczecinecki,-,-,0,-,-,0.0,0,0,0,0,0,0,1,0,1,0,t3215,2024-08-21
zachodniopomorskie,świdwiński,-,-,0,-,-,0.0,0,0,0,4,0,0,4,0,4,0,t3216,2024-08-21
zachodniopomorskie,wałecki,-,-,0,-,-,0.0,0,0,0,0,0,0,0,0,0,0,t3217,2024-08-21
zachodniopomorskie,łobeski,-,-,0,-,-,0.0,0,0,0,1,0,0,1,0,1,0,t3218,2024-08-21
zachodniopomorskie,Koszalin,-,-,6,-,-,0.56,0,0,0,0,0,0,17,6,11,0,t3261,2024-08-21
zachodniopomorskie,Szczecin,-,-,11,-,-,0.27,0,0,0,10,0,0,24,11,13,0,t3262,2024-08-21
zachodniopomorskie,Świnoujście,-,-,0,-,-,0.0,0,0,0,1,0,0,1,0,1,0,t3263,2024-08-21
