Date,Voivodeships,Districts,Terytorial Code,14D Total Deaths / 10000,7D AVR Infections / 10000,(% ) Booster Dose,Date - Booster Dose,Population / 10000,t14,t13,t12,t11,t10,t9,t8,t7,t6,t5,t4,t3,t2,t1,t
2024-06-02,Entire Country,Entire Country,0000,0.00,0.01,39.49,2024-06-01,3823.19,0.01,0.01,0.01,0.01,0.01,0.01,0.01,0.01,0.01,0.01,0.01,0.01,0.01,0.01,0.01
2024-06-02,dolnośląskie,Bolesławiecki,0201,0.00,0.00,32.75,2024-06-01,8.98,0.00,0.00,0.00,0.00,0.00,0.00,0.00,0.00,0.00,0.00,0.00,0.00,0.00,0.00,0.00
2024-06-02,dolnośląskie,Dzierżoniowski,0202,0.00,0.00,36.40,2024-06-01,9.99,0.00,0.00,0.00,0.00,0.00,0.00,0.00,0.00,0.00,0.00,0.00,0.00,0.00,0.00,0.00
2024-06-02,dolnośląskie,Głogowski,0203,0.00,0.00,44.52,2024-06-01,8.84,0.02,0.02,0.02,0.02,0.00,0.00,0.00,0.00,0.00,0.00,0.00,0.00,0.00,0.00,0.00
2024-06-02,dolnośląskie,Górowski,0204,0.00,0.00,29.05,2024-06-01,3.46,0.00,0.00,0.00,0.00,0.00,0.00,0.00,0.00,0.00,0.00,0.00,0.00,0.00,0.00,0.00
2024-06-02,dolnośląskie,Jaworski,0205,0.00,0.00,37.10,2024-06-01,4.97,0.00,0.00,0.00,0.00,0.00,0.00,0.00,0.00,0.00,0.00,0.00,0.00,0.00,0.00,0.00
2024-06-02,dolnośląskie,Karkonoski,0206,0.00,0.00,30.11,2024-06-01,6.33,0.00,0.00,0.00,0.00,0.00,0.00,0.00,0.00,0.00,0.00,0.00,0.00,0.00,0.00,0.00
2024-06-02,dolnośląskie,Kamiennogórski,0207,0.00,0.00,37.50,2024-06-01,4.28,0.00,0.00,0.00,0.00,0.00,0.00,0.00,0.00,0.00,0.00,0.00,0.00,0.00,0.00,0.00
2024-06-02,dolnośląskie,Kłodzki,0208,0.00,0.00,36.71,2024-06-01,15.63,0.00,0.00,0.00,0.00,0.00,0.00,0.00,0.00,0.00,0.00,0.00,0.00,0.00,0.00,0.00
2024-06-02,dolnośląskie,Legnicki,0209,0.00,0.00,33.25,2024-06-01,5.51,0.03,0.03,0.00,0.00,0.00,0.00,0.00,0.00,0.00,0.00,0.00,0.00,0.00,0.00,0.00
2024-06-02,dolnośląskie,Lubański,0210,0.00,0.00,32.90,2024-06-01,5.39,0.00,0.00,0.00,0.00,0.00,0.00,0.03,0.03,0.03,0.03,0.03,0.03,0.03,0.00,0.00
2024-06-02,dolnośląskie,Lubiński,0211,0.00,0.01,45.47,2024-06-01,10.59,0.00,0.00,0.00,0.00,0.00,0.00,0.00,0.00,0.00,0.00,0.01,0.01,0.01,0.01,0.01
2024-06-02,dolnośląskie,Lwówecki,0212,0.00,0.00,40.94,2024-06-01,4.56,0.00,0.00,0.00,0.00,0.00,0.00,0.00,0.00,0.00,0.00,0.00,0.00,0.00,0.00,0.00
2024-06-02,dolnośląskie,Milicki,0213,0.00,0.00,36.42,2024-06-01,3.68,0.00,0.00,0.00,0.00,0.00,0.00,0.00,0.00,0.00,0.00,0.00,0.00,0.00,0.00,0.00
2024-06-02,dolnośląskie,Oleśnicki,0214,0.00,0.00,54.03,2024-06-01,10.73,0.00,0.00,0.00,0.00,0.00,0.00,0.01,0.01,0.01,0.01,0.01,0.01,0.01,0.00,0.00
2024-06-02,dolnośląskie,Oławski,0215,0.00,0.00,27.54,2024-06-01,4.36,0.00,0.00,0.00,0.00,0.00,0.00,0.00,0.00,0.00,0.00,0.00,0.00,0.00,0.00,0.00
2024-06-02,dolnośląskie,Polkowicki,0216,0.00,0.00,28.49,2024-06-01,6.30,0.00,0.00,0.00,0.00,0.00,0.00,0.00,0.00,0.00,0.00,0.00,0.00,0.00,0.00,0.00
2024-06-02,dolnośląskie,Strzeliński,0217,0.00,0.00,36.77,2024-06-01,4.32,0.00,0.00,0.00,0.00,0.00,0.00,0.00,0.00,0.00,0.00,0.00,0.00,0.00,0.00,0.00
2024-06-02,dolnośląskie,Średzki,0218,0.00,0.00,25.65,2024-06-01,5.55,0.00,0.00,0.00,0.00,0.00,0.00,0.00,0.00,0.00,0.00,0.00,0.00,0.00,0.00,0.00
2024-06-02,dolnośląskie,Świdnicki,0219,0.00,0.00,37.95,2024-06-01,15.60,0.00,0.00,0.00,0.00,0.00,0.00,0.00,0.00,0.00,0.00,0.00,0.00,0.00,0.00,0.00
2024-06-02,dolnośląskie,Trzebnicki,0220,0.00,0.00,34.13,2024-06-01,8.52,0.00,0.00,0.00,0.00,0.00,0.00,0.00,0.00,0.00,0.00,0.00,0.00,0.00,0.00,0.00
2024-06-02,dolnośląskie,Wałbrzyski,0221,0.00,0.00,25.05,2024-06-01,5.51,0.00,0.00,0.00,0.00,0.00,0.00,0.00,0.00,0.00,0.00,0.00,0.00,0.00,0.00,0.00
2024-06-02,dolnośląskie,Wołowski,0222,0.00,0.00,36.45,2024-06-01,4.66,0.00,0.00,0.00,0.00,0.00,0.00,0.00,0.00,0.00,0.00,0.00,0.00,0.00,0.00,0.00
2024-06-02,dolnośląskie,Wrocławski,0223,0.00,0.00,33.98,2024-06-01,15.63,0.01,0.01,0.00,0.00,0.00,0.01,0.01,0.01,0.01,0.01,0.01,0.01,0.00,0.00,0.00
2024-06-02,dolnośląskie,Ząbkowicki,0224,0.00,0.00,35.43,2024-06-01,6.41,0.00,0.00,0.00,0.00,0.00,0.00,0.00,0.00,0.00,0.00,0.00,0.00,0.00,0.00,0.00
2024-06-02,dolnośląskie,Zgorzelecki,0225,0.00,0.00,36.79,2024-06-01,8.84,0.00,0.00,0.00,0.00,0.00,0.00,0.00,0.00,0.00,0.00,0.00,0.00,0.00,0.00,0.00
2024-06-02,dolnośląskie,Złotoryjski,0226,0.00,0.00,38.52,2024-06-01,4.30,0.00,0.00,0.00,0.00,0.00,0.00,0.00,0.00,0.00,0.00,0.00,0.00,0.00,0.00,0.00
2024-06-02,dolnośląskie,Jelenia Góra,0261,0.00,0.00,57.96,2024-06-01,7.83,0.04,0.04,0.04,0.00,0.00,0.00,0.00,0.00,0.00,0.00,0.00,0.00,0.00,0.00,0.00
2024-06-02,dolnośląskie,Legnica,0262,0.00,0.00,46.10,2024-06-01,9.84,0.00,0.00,0.00,0.00,0.00,0.00,0.00,0.00,0.00,0.00,0.00,0.00,0.00,0.00,0.00
2024-06-02,dolnośląskie,Wrocław,0264,0.00,0.00,73.43,2024-06-01,64.19,0.00,0.00,0.01,0.01,0.01,0.01,0.01,0.01,0.01,0.01,0.01,0.01,0.01,0.00,0.00
2024-06-02,dolnośląskie,Wałbrzych,0265,0.00,0.00,56.44,2024-06-01,11.00,0.00,0.00,0.00,0.00,0.00,0.00,0.00,0.00,0.00,0.00,0.00,0.00,0.00,0.00,0.00
2024-06-02,kujawsko-pomorskie,Aleksandrowski,0401,0.00,0.00,46.40,2024-06-01,5.49,0.00,0.00,0.00,0.00,0.00,0.00,0.00,0.00,0.00,0.00,0.00,0.00,0.00,0.00,0.00
2024-06-02,kujawsko-pomorskie,Brodnicki,0402,0.00,0.00,34.13,2024-06-01,7.90,0.00,0.00,0.00,0.00,0.00,0.00,0.00,0.00,0.00,0.00,0.00,0.00,0.00,0.00,0.00
2024-06-02,kujawsko-pomorskie,Bydgoski,0403,0.00,0.02,29.38,2024-06-01,12.04,0.02,0.02,0.03,0.03,0.02,0.03,0.02,0.02,0.02,0.01,0.01,0.02,0.01,0.02,0.02
2024-06-02,kujawsko-pomorskie,Chełmiński,0404,0.00,0.00,38.19,2024-06-01,5.17,0.00,0.00,0.00,0.00,0.00,0.00,0.00,0.00,0.00,0.00,0.00,0.00,0.00,0.00,0.00
2024-06-02,kujawsko-pomorskie,Golubsko-Dobrzyński,0405,0.00,0.00,25.82,2024-06-01,4.49,0.00,0.00,0.00,0.00,0.00,0.00,0.00,0.00,0.00,0.00,0.00,0.00,0.00,0.00,0.00
2024-06-02,kujawsko-pomorskie,Grudziądzki,0406,0.00,0.00,21.58,2024-06-01,4.03,0.00,0.00,0.00,0.00,0.00,0.00,0.00,0.00,0.00,0.00,0.00,0.00,0.00,0.00,0.00
2024-06-02,kujawsko-pomorskie,Inowrocławski,0407,0.00,0.01,31.82,2024-06-01,15.85,0.02,0.02,0.02,0.02,0.02,0.00,0.00,0.00,0.00,0.01,0.01,0.01,0.01,0.01,0.01
2024-06-02,kujawsko-pomorskie,Lipnowski,0408,0.00,0.02,29.54,2024-06-01,6.55,0.00,0.00,0.00,0.00,0.00,0.00,0.00,0.00,0.00,0.00,0.00,0.00,0.00,0.02,0.02
2024-06-02,kujawsko-pomorskie,Mogileński,0409,0.00,0.00,38.12,2024-06-01,4.55,0.00,0.00,0.00,0.00,0.00,0.00,0.00,0.00,0.00,0.00,0.00,0.00,0.00,0.00,0.00
2024-06-02,kujawsko-pomorskie,Nakielski,0410,0.00,0.00,40.15,2024-06-01,8.61,0.00,0.00,0.00,0.00,0.00,0.00,0.00,0.00,0.00,0.00,0.00,0.00,0.00,0.00,0.00
2024-06-02,kujawsko-pomorskie,Radziejowski,0411,0.00,0.00,33.96,2024-06-01,4.00,0.00,0.00,0.00,0.00,0.00,0.00,0.00,0.00,0.00,0.00,0.00,0.00,0.00,0.00,0.00
2024-06-02,kujawsko-pomorskie,Rypiński,0412,0.00,0.00,34.14,2024-06-01,4.34,0.10,0.10,0.13,0.13,0.16,0.13,0.07,0.07,0.07,0.03,0.03,0.00,0.00,0.00,0.00
2024-06-02,kujawsko-pomorskie,Sępoleński,0413,0.00,0.00,38.15,2024-06-01,4.08,0.00,0.00,0.00,0.00,0.00,0.00,0.00,0.00,0.00,0.00,0.00,0.00,0.00,0.00,0.00
2024-06-02,kujawsko-pomorskie,Świecki,0414,0.00,0.00,36.21,2024-06-01,9.87,0.00,0.00,0.00,0.00,0.00,0.00,0.00,0.00,0.00,0.00,0.00,0.00,0.00,0.00,0.00
2024-06-02,kujawsko-pomorskie,Toruński,0415,0.00,0.01,20.72,2024-06-01,10.96,0.00,0.00,0.00,0.00,0.00,0.00,0.00,0.00,0.00,0.00,0.00,0.00,0.00,0.01,0.01
2024-06-02,kujawsko-pomorskie,Tucholski,0416,0.00,0.00,33.40,2024-06-01,4.83,0.00,0.00,0.00,0.00,0.00,0.00,0.00,0.00,0.00,0.00,0.00,0.00,0.00,0.00,0.00
2024-06-02,kujawsko-pomorskie,Wąbrzeski,0417,0.00,0.00,33.21,2024-06-01,3.40,0.00,0.00,0.00,0.00,0.00,0.00,0.00,0.00,0.00,0.00,0.00,0.00,0.00,0.00,0.00
2024-06-02,kujawsko-pomorskie,Włocławski,0418,0.00,0.00,26.43,2024-06-01,8.56,0.00,0.00,0.00,0.00,0.00,0.00,0.00,0.00,0.00,0.00,0.00,0.00,0.00,0.00,0.00
2024-06-02,kujawsko-pomorskie,Żniński,0419,0.00,0.00,25.08,2024-06-01,6.99,0.00,0.00,0.00,0.00,0.00,0.00,0.00,0.00,0.00,0.00,0.00,0.00,0.00,0.00,0.00
2024-06-02,kujawsko-pomorskie,Bydgoszcz,0461,0.00,0.02,66.71,2024-06-01,34.41,0.00,0.00,0.01,0.00,0.00,0.01,0.01,0.01,0.01,0.00,0.01,0.02,0.02,0.02,0.02
2024-06-02,kujawsko-pomorskie,Grudziądz,0462,0.00,0.00,52.73,2024-06-01,9.36,0.02,0.02,0.02,0.03,0.03,0.03,0.03,0.03,0.03,0.03,0.02,0.00,0.00,0.00,0.00
2024-06-02,kujawsko-pomorskie,Toruń,0463,0.00,0.00,64.54,2024-06-01,19.86,0.01,0.01,0.01,0.00,0.00,0.00,0.00,0.00,0.00,0.00,0.00,0.00,0.00,0.00,0.00
2024-06-02,kujawsko-pomorskie,Włocławek,0464,0.00,0.00,48.29,2024-06-01,10.86,0.00,0.00,0.00,0.00,0.00,0.00,0.00,0.00,0.00,0.00,0.00,0.00,0.00,0.00,0.00
2024-06-02,lubelskie,Bialski,0601,0.00,0.00,20.65,2024-06-01,11.00,0.00,0.00,0.00,0.00,0.00,0.00,0.00,0.00,0.00,0.00,0.00,0.00,0.00,0.00,0.00
2024-06-02,lubelskie,Biłgorajski,0602,0.00,0.00,21.56,2024-06-01,10.03,0.00,0.00,0.00,0.00,0.00,0.00,0.00,0.00,0.00,0.00,0.00,0.00,0.00,0.00,0.00
2024-06-02,lubelskie,Chełmski,0603,0.00,0.00,17.48,2024-06-01,7.75,0.00,0.00,0.00,0.00,0.00,0.00,0.00,0.00,0.00,0.00,0.00,0.00,0.00,0.00,0.00
2024-06-02,lubelskie,Hrubieszowski,0604,0.00,0.00,26.62,2024-06-01,6.20,0.00,0.00,0.00,0.00,0.02,0.02,0.02,0.02,0.02,0.02,0.02,0.00,0.00,0.00,0.00
2024-06-02,lubelskie,Janowski,0605,0.00,0.03,19.48,2024-06-01,4.51,0.00,0.00,0.00,0.00,0.00,0.00,0.00,0.00,0.00,0.03,0.03,0.03,0.03,0.03,0.03
2024-06-02,lubelskie,Krasnostawski,0606,0.00,0.00,28.10,2024-06-01,6.26,0.07,0.07,0.02,0.02,0.02,0.02,0.00,0.00,0.00,0.00,0.00,0.00,0.00,0.00,0.00
2024-06-02,lubelskie,Kraśnicki,0607,0.00,0.00,26.16,2024-06-01,9.45,0.00,0.00,0.00,0.00,0.00,0.00,0.00,0.00,0.00,0.00,0.00,0.00,0.00,0.00,0.00
2024-06-02,lubelskie,Lubartowski,0608,0.00,0.00,21.52,2024-06-01,8.79,0.00,0.00,0.00,0.00,0.00,0.00,0.00,0.00,0.00,0.00,0.00,0.00,0.00,0.00,0.00
2024-06-02,lubelskie,Lubelski,0609,0.00,0.00,19.84,2024-06-01,15.65,0.00,0.00,0.00,0.01,0.02,0.02,0.02,0.02,0.02,0.02,0.01,0.00,0.00,0.00,0.00
2024-06-02,lubelskie,Łęczyński,0610,0.00,0.00,22.39,2024-06-01,5.72,0.00,0.00,0.00,0.00,0.00,0.00,0.00,0.00,0.00,0.00,0.00,0.00,0.00,0.00,0.00
2024-06-02,lubelskie,Łukowski,0611,0.00,0.00,18.89,2024-06-01,10.62,0.00,0.00,0.00,0.00,0.00,0.00,0.00,0.00,0.00,0.00,0.00,0.00,0.00,0.00,0.00
2024-06-02,lubelskie,Opolski,0612,0.00,0.00,28.69,2024-06-01,5.87,0.00,0.00,0.00,0.02,0.02,0.02,0.02,0.02,0.02,0.02,0.00,0.00,0.00,0.00,0.00
2024-06-02,lubelskie,Parczewski,0613,0.00,0.00,27.10,2024-06-01,3.44,0.00,0.00,0.00,0.00,0.00,0.00,0.00,0.00,0.00,0.00,0.00,0.00,0.00,0.00,0.00
2024-06-02,lubelskie,Puławski,0614,0.00,0.01,35.88,2024-06-01,11.24,0.01,0.01,0.01,0.03,0.03,0.03,0.01,0.01,0.01,0.01,0.00,0.00,0.00,0.01,0.01
2024-06-02,lubelskie,Radzyński,0615,0.00,0.00,19.24,2024-06-01,5.83,0.00,0.00,0.00,0.00,0.00,0.00,0.00,0.00,0.00,0.00,0.00,0.00,0.00,0.00,0.00
2024-06-02,lubelskie,Rycki,0616,0.00,0.00,35.19,2024-06-01,5.55,0.10,0.10,0.05,0.03,0.00,0.03,0.03,0.03,0.03,0.03,0.03,0.03,0.00,0.00,0.00
2024-06-02,lubelskie,Świdnicki,0617,0.00,0.00,33.26,2024-06-01,7.14,0.00,0.00,0.00,0.00,0.00,0.02,0.02,0.02,0.02,0.02,0.02,0.02,0.00,0.00,0.00
2024-06-02,lubelskie,Tomaszowski,0618,0.00,0.02,24.10,2024-06-01,8.19,0.00,0.00,0.00,0.00,0.00,0.00,0.00,0.00,0.00,0.02,0.02,0.02,0.02,0.02,0.02
2024-06-02,lubelskie,Włodawski,0619,0.00,0.00,33.29,2024-06-01,3.80,0.00,0.00,0.00,0.00,0.00,0.00,0.00,0.00,0.00,0.00,0.00,0.00,0.00,0.00,0.00
2024-06-02,lubelskie,Zamojski,0620,0.00,0.00,17.12,2024-06-01,10.54,0.03,0.03,0.01,0.00,0.00,0.00,0.00,0.00,0.00,0.00,0.00,0.00,0.00,0.00,0.00
2024-06-02,lubelskie,Biała Podlaska,0661,0.00,0.02,43.97,2024-06-01,5.69,0.05,0.05,0.02,0.02,0.02,0.02,0.00,0.00,0.00,0.02,0.02,0.02,0.02,0.02,0.02
2024-06-02,lubelskie,Chełm,0662,0.00,0.00,44.89,2024-06-01,6.11,0.00,0.00,0.00,0.00,0.00,0.00,0.00,0.00,0.00,0.00,0.00,0.00,0.00,0.00,0.00
2024-06-02,lubelskie,Lublin,0663,0.00,0.00,54.05,2024-06-01,33.86,0.02,0.02,0.02,0.03,0.03,0.03,0.03,0.03,0.03,0.03,0.02,0.01,0.01,0.00,0.00
2024-06-02,lubelskie,Zamość,0664,0.00,0.00,53.50,2024-06-01,6.28,0.00,0.00,0.00,0.00,0.00,0.00,0.00,0.00,0.00,0.00,0.00,0.00,0.00,0.00,0.00
2024-06-02,lubuskie,Gorzowski,0801,0.00,0.00,19.18,2024-06-01,7.23,0.00,0.00,0.00,0.00,0.00,0.00,0.00,0.00,0.00,0.00,0.00,0.00,0.00,0.00,0.00
2024-06-02,lubuskie,Krośnieński,0802,0.00,0.00,35.88,2024-06-01,5.46,0.00,0.00,0.00,0.00,0.00,0.00,0.00,0.00,0.00,0.00,0.00,0.00,0.00,0.00,0.00
2024-06-02,lubuskie,Międzyrzecki,0803,0.00,0.00,43.17,2024-06-01,5.71,0.00,0.00,0.00,0.02,0.02,0.02,0.02,0.02,0.02,0.02,0.00,0.00,0.00,0.00,0.00
2024-06-02,lubuskie,Nowosolski,0804,0.00,0.00,46.18,2024-06-01,8.57,0.00,0.00,0.00,0.00,0.00,0.00,0.00,0.00,0.00,0.00,0.00,0.00,0.00,0.00,0.00
2024-06-02,lubuskie,Słubicki,0805,0.00,0.00,35.83,2024-06-01,4.69,0.00,0.00,0.00,0.00,0.00,0.00,0.00,0.00,0.00,0.00,0.00,0.00,0.00,0.00,0.00
2024-06-02,lubuskie,Strzelecko-Drezdenecki,0806,0.00,0.00,38.10,2024-06-01,4.86,0.00,0.00,0.00,0.00,0.00,0.00,0.00,0.00,0.00,0.00,0.00,0.00,0.00,0.00,0.00
2024-06-02,lubuskie,Sulęciński,0807,0.00,0.00,40.48,2024-06-01,3.50,0.00,0.00,0.00,0.00,0.00,0.00,0.00,0.00,0.00,0.00,0.00,0.00,0.00,0.00,0.00
2024-06-02,lubuskie,Świebodziński,0808,0.00,0.00,37.23,2024-06-01,5.55,0.00,0.00,0.00,0.00,0.00,0.00,0.00,0.00,0.00,0.00,0.00,0.00,0.00,0.00,0.00
2024-06-02,lubuskie,Zielonogórski,0809,0.00,0.02,37.37,2024-06-01,7.57,0.00,0.00,0.00,0.00,0.00,0.02,0.02,0.02,0.02,0.04,0.04,0.04,0.02,0.02,0.02
2024-06-02,lubuskie,Żagański,0810,0.00,0.00,42.22,2024-06-01,7.81,0.00,0.00,0.00,0.00,0.00,0.00,0.00,0.00,0.00,0.00,0.00,0.00,0.00,0.00,0.00
2024-06-02,lubuskie,Żarski,0811,0.00,0.00,42.78,2024-06-01,9.54,0.00,0.00,0.00,0.00,0.00,0.00,0.00,0.00,0.00,0.00,0.00,0.00,0.00,0.00,0.00
2024-06-02,lubuskie,Wschowski,0812,0.00,0.00,28.59,2024-06-01,3.86,0.04,0.04,0.00,0.00,0.00,0.00,0.00,0.00,0.00,0.00,0.00,0.00,0.00,0.00,0.00
2024-06-02,lubuskie,Gorzów Wielkopolski,0861,0.00,0.00,58.99,2024-06-01,12.26,0.00,0.00,0.00,0.00,0.00,0.00,0.00,0.00,0.00,0.00,0.00,0.00,0.00,0.00,0.00
2024-06-02,lubuskie,Zielona Góra,0862,0.00,0.00,54.78,2024-06-01,14.09,0.02,0.02,0.01,0.00,0.00,0.00,0.00,0.00,0.00,0.00,0.00,0.00,0.00,0.00,0.00
2024-06-02,łódzkie,Bełchatowski,1001,0.00,0.00,28.43,2024-06-01,11.24,0.00,0.00,0.00,0.00,0.00,0.00,0.00,0.00,0.00,0.00,0.00,0.00,0.00,0.00,0.00
2024-06-02,łódzkie,Kutnowski,1002,0.00,0.00,40.24,2024-06-01,9.55,0.00,0.00,0.00,0.01,0.01,0.01,0.01,0.01,0.01,0.01,0.00,0.00,0.00,0.00,0.00
2024-06-02,łódzkie,Łaski,1003,0.00,0.00,26.82,2024-06-01,4.97,0.00,0.00,0.00,0.00,0.00,0.00,0.00,0.00,0.00,0.00,0.00,0.00,0.00,0.00,0.00
2024-06-02,łódzkie,Łęczycki,1004,0.00,0.00,37.53,2024-06-01,4.93,0.00,0.00,0.00,0.00,0.00,0.00,0.00,0.00,0.00,0.00,0.00,0.00,0.00,0.00,0.00
2024-06-02,łódzkie,Łowicki,1005,0.00,0.00,35.62,2024-06-01,7.76,0.00,0.00,0.00,0.00,0.00,0.02,0.02,0.02,0.02,0.02,0.02,0.02,0.00,0.00,0.00
2024-06-02,łódzkie,Łódzki Wschodni,1006,0.00,0.00,33.85,2024-06-01,7.26,0.00,0.00,0.00,0.00,0.00,0.00,0.00,0.00,0.00,0.00,0.00,0.00,0.00,0.00,0.00
2024-06-02,łódzkie,Opoczyński,1007,0.00,0.00,26.48,2024-06-01,7.55,0.00,0.00,0.00,0.00,0.00,0.00,0.00,0.00,0.00,0.00,0.00,0.00,0.00,0.00,0.00
2024-06-02,łódzkie,Pabianicki,1008,0.00,0.00,48.58,2024-06-01,11.89,0.01,0.01,0.01,0.01,0.01,0.01,0.01,0.01,0.01,0.00,0.00,0.00,0.00,0.00,0.00
2024-06-02,łódzkie,Pajęczański,1009,0.00,0.00,20.99,2024-06-01,5.10,0.00,0.00,0.00,0.00,0.00,0.00,0.00,0.00,0.00,0.00,0.00,0.00,0.00,0.00,0.00
2024-06-02,łódzkie,Piotrkowski,1010,0.00,0.00,19.90,2024-06-01,9.12,0.00,0.00,0.00,0.00,0.00,0.00,0.00,0.00,0.00,0.00,0.00,0.00,0.00,0.00,0.00
2024-06-02,łódzkie,Poddębicki,1011,0.00,0.00,32.85,2024-06-01,4.09,0.00,0.00,0.00,0.00,0.00,0.00,0.00,0.00,0.00,0.00,0.00,0.00,0.00,0.00,0.00
2024-06-02,łódzkie,Radomszczański,1012,0.00,0.00,32.59,2024-06-01,11.17,0.01,0.01,0.00,0.00,0.00,0.00,0.00,0.00,0.00,0.00,0.00,0.00,0.00,0.00,0.00
2024-06-02,łódzkie,Rawski,1013,0.00,0.00,22.73,2024-06-01,4.84,0.00,0.00,0.00,0.00,0.00,0.00,0.00,0.00,0.00,0.00,0.00,0.00,0.00,0.00,0.00
2024-06-02,łódzkie,Sieradzki,1014,0.00,0.00,31.87,2024-06-01,11.69,0.01,0.01,0.03,0.03,0.03,0.01,0.01,0.01,0.01,0.00,0.00,0.00,0.00,0.00,0.00
2024-06-02,łódzkie,Skierniewicki,1015,0.00,0.00,14.84,2024-06-01,3.82,0.00,0.00,0.00,0.00,0.04,0.04,0.04,0.04,0.04,0.04,0.04,0.00,0.00,0.00,0.00
2024-06-02,łódzkie,Tomaszowski,1016,0.00,0.00,32.56,2024-06-01,11.57,0.00,0.00,0.00,0.00,0.00,0.00,0.00,0.00,0.00,0.00,0.00,0.00,0.00,0.00,0.00
2024-06-02,łódzkie,Wieluński,1017,0.00,0.00,36.78,2024-06-01,7.57,0.00,0.00,0.00,0.00,0.00,0.00,0.00,0.00,0.00,0.00,0.00,0.00,0.00,0.00,0.00
2024-06-02,łódzkie,Wieruszowski,1018,0.00,0.00,31.64,2024-06-01,4.20,0.00,0.00,0.00,0.00,0.00,0.00,0.00,0.00,0.00,0.00,0.00,0.00,0.00,0.00,0.00
2024-06-02,łódzkie,Zduńskowolski,1019,0.00,0.00,34.08,2024-06-01,6.61,0.00,0.00,0.00,0.00,0.00,0.00,0.00,0.00,0.00,0.00,0.00,0.00,0.00,0.00,0.00
2024-06-02,łódzkie,Zgierski,1020,0.00,0.00,39.35,2024-06-01,16.59,0.00,0.00,0.00,0.00,0.00,0.00,0.00,0.00,0.00,0.00,0.00,0.00,0.00,0.00,0.00
2024-06-02,łódzkie,Brzeziński,1021,0.00,0.00,34.09,2024-06-01,3.06,0.00,0.00,0.00,0.00,0.00,0.00,0.00,0.00,0.00,0.00,0.00,0.00,0.00,0.00,0.00
2024-06-02,łódzkie,Łódź,1061,0.00,0.00,61.02,2024-06-01,67.22,0.00,0.00,0.00,0.00,0.00,0.00,0.00,0.00,0.00,0.00,0.00,0.00,0.00,0.00,0.00
2024-06-02,łódzkie,Piotrków Trybunalski,1062,0.00,0.00,55.07,2024-06-01,7.23,0.02,0.02,0.00,0.00,0.00,0.00,0.00,0.00,0.00,0.00,0.00,0.00,0.00,0.00,0.00
2024-06-02,łódzkie,Skierniewice,1063,0.00,0.00,58.94,2024-06-01,4.77,0.00,0.00,0.00,0.00,0.00,0.00,0.00,0.00,0.00,0.00,0.00,0.00,0.00,0.00,0.00
2024-06-02,małopolskie,Bocheński,1201,0.00,0.00,30.28,2024-06-01,10.69,0.00,0.00,0.00,0.00,0.01,0.03,0.03,0.03,0.03,0.03,0.03,0.01,0.00,0.00,0.00
2024-06-02,małopolskie,Brzeski,1202,0.00,0.00,24.12,2024-06-01,9.30,0.00,0.00,0.00,0.00,0.00,0.00,0.00,0.02,0.02,0.02,0.02,0.02,0.02,0.02,0.00
2024-06-02,małopolskie,Chrzanowski,1203,0.00,0.01,40.75,2024-06-01,12.37,0.00,0.00,0.00,0.00,0.00,0.00,0.00,0.00,0.00,0.00,0.00,0.01,0.01,0.01,0.01
2024-06-02,małopolskie,Dąbrowski,1204,0.00,0.00,21.12,2024-06-01,5.90,0.00,0.00,0.00,0.00,0.00,0.00,0.00,0.00,0.00,0.00,0.00,0.00,0.00,0.00,0.00
2024-06-02,małopolskie,Gorlicki,1205,0.00,0.00,24.52,2024-06-01,10.85,0.00,0.00,0.00,0.00,0.00,0.00,0.00,0.00,0.00,0.00,0.00,0.00,0.00,0.00,0.00
2024-06-02,małopolskie,Krakowski,1206,0.00,0.00,26.21,2024-06-01,28.14,0.00,0.00,0.00,0.00,0.00,0.00,0.00,0.00,0.00,0.00,0.00,0.00,0.00,0.00,0.00
2024-06-02,małopolskie,Limanowski,1207,0.00,0.00,19.97,2024-06-01,13.21,0.00,0.00,0.00,0.00,0.00,0.00,0.00,0.00,0.00,0.00,0.00,0.00,0.00,0.00,0.00
2024-06-02,małopolskie,Miechowski,1208,0.00,0.00,33.30,2024-06-01,4.85,0.00,0.00,0.00,0.00,0.00,0.00,0.00,0.00,0.00,0.00,0.00,0.00,0.00,0.00,0.00
2024-06-02,małopolskie,Myślenicki,1209,0.00,0.00,25.59,2024-06-01,12.80,0.00,0.00,0.00,0.00,0.00,0.00,0.00,0.00,0.00,0.00,0.00,0.00,0.00,0.00,0.00
2024-06-02,małopolskie,Nowosądecki,1210,0.00,0.00,17.58,2024-06-01,21.71,0.00,0.00,0.00,0.00,0.00,0.00,0.00,0.00,0.00,0.00,0.00,0.00,0.00,0.00,0.00
2024-06-02,małopolskie,Nowotarski,1211,0.00,0.00,20.14,2024-06-01,19.16,0.01,0.01,0.01,0.01,0.01,0.00,0.00,0.00,0.00,0.00,0.00,0.00,0.00,0.00,0.00
2024-06-02,małopolskie,Olkuski,1212,0.00,0.00,39.14,2024-06-01,11.05,0.00,0.00,0.00,0.00,0.00,0.00,0.00,0.00,0.00,0.00,0.00,0.00,0.00,0.00,0.00
2024-06-02,małopolskie,Oświęcimski,1213,0.00,0.00,38.58,2024-06-01,15.27,0.00,0.00,0.01,0.01,0.01,0.01,0.01,0.01,0.01,0.00,0.00,0.00,0.00,0.00,0.00
2024-06-02,małopolskie,Proszowicki,1214,0.00,0.00,31.63,2024-06-01,4.31,0.00,0.00,0.00,0.00,0.00,0.00,0.00,0.00,0.00,0.00,0.00,0.00,0.00,0.00,0.00
2024-06-02,małopolskie,Suski,1215,0.00,0.00,30.51,2024-06-01,8.38,0.00,0.00,0.00,0.00,0.00,0.00,0.00,0.00,0.00,0.00,0.00,0.00,0.00,0.00,0.00
2024-06-02,małopolskie,Tarnowski,1216,0.00,0.00,14.74,2024-06-01,20.12,0.00,0.00,0.00,0.00,0.00,0.00,0.00,0.00,0.00,0.00,0.00,0.00,0.00,0.00,0.00
2024-06-02,małopolskie,Tatrzański,1217,0.00,0.00,19.88,2024-06-01,6.80,0.00,0.00,0.00,0.00,0.00,0.00,0.00,0.00,0.00,0.00,0.00,0.00,0.00,0.00,0.00
2024-06-02,małopolskie,Wadowicki,1218,0.00,0.00,31.70,2024-06-01,15.97,0.02,0.02,0.02,0.02,0.01,0.00,0.00,0.00,0.00,0.00,0.00,0.00,0.00,0.00,0.00
2024-06-02,małopolskie,Wielicki,1219,0.00,0.00,39.58,2024-06-01,13.07,0.00,0.00,0.00,0.00,0.00,0.00,0.00,0.00,0.00,0.00,0.00,0.00,0.00,0.00,0.00
2024-06-02,małopolskie,Kraków,1261,0.00,0.01,66.83,2024-06-01,78.00,0.00,0.01,0.01,0.01,0.01,0.01,0.01,0.01,0.00,0.01,0.01,0.01,0.01,0.01,0.01
2024-06-02,małopolskie,Nowy Sącz,1262,0.00,0.00,37.62,2024-06-01,8.36,0.03,0.03,0.03,0.03,0.03,0.02,0.00,0.00,0.00,0.00,0.00,0.00,0.00,0.00,0.00
2024-06-02,małopolskie,Tarnów,1263,0.00,0.00,50.27,2024-06-01,10.75,0.00,0.00,0.00,0.00,0.00,0.00,0.00,0.01,0.01,0.01,0.01,0.01,0.01,0.01,0.00
2024-06-02,mazowieckie,Białobrzeski,1401,0.00,0.00,29.10,2024-06-01,3.33,0.00,0.00,0.00,0.04,0.04,0.04,0.04,0.04,0.04,0.04,0.00,0.00,0.00,0.00,0.00
2024-06-02,mazowieckie,Ciechanowski,1402,0.00,0.00,32.79,2024-06-01,8.89,0.05,0.05,0.05,0.05,0.06,0.05,0.03,0.02,0.02,0.02,0.02,0.00,0.00,0.00,0.00
2024-06-02,mazowieckie,Garwoliński,1403,0.00,0.00,26.35,2024-06-01,10.86,0.00,0.00,0.00,0.00,0.00,0.01,0.01,0.01,0.01,0.01,0.01,0.01,0.00,0.00,0.00
2024-06-02,mazowieckie,Gostyniński,1404,0.00,0.00,25.10,2024-06-01,4.46,0.00,0.00,0.00,0.00,0.00,0.00,0.00,0.00,0.00,0.00,0.00,0.00,0.00,0.00,0.00
2024-06-02,mazowieckie,Grodziski,1405,0.00,0.00,45.70,2024-06-01,9.75,0.00,0.00,0.00,0.00,0.00,0.00,0.00,0.00,0.00,0.00,0.00,0.00,0.00,0.00,0.00
2024-06-02,mazowieckie,Grójecki,1406,0.00,0.00,35.38,2024-06-01,9.80,0.00,0.00,0.00,0.00,0.00,0.00,0.00,0.00,0.00,0.00,0.00,0.00,0.00,0.00,0.00
2024-06-02,mazowieckie,Kozienicki,1407,0.00,0.02,30.33,2024-06-01,5.96,0.00,0.00,0.00,0.00,0.00,0.00,0.00,0.00,0.00,0.02,0.02,0.02,0.02,0.02,0.02
2024-06-02,mazowieckie,Legionowski,1408,0.00,0.00,46.71,2024-06-01,11.99,0.00,0.00,0.01,0.01,0.01,0.01,0.01,0.01,0.01,0.00,0.00,0.00,0.00,0.00,0.00
2024-06-02,mazowieckie,Lipski,1409,0.00,0.00,24.86,2024-06-01,3.36,0.00,0.00,0.00,0.00,0.00,0.00,0.00,0.00,0.00,0.00,0.00,0.00,0.00,0.00,0.00
2024-06-02,mazowieckie,Łosicki,1410,0.00,0.00,21.83,2024-06-01,3.06,0.00,0.00,0.00,0.00,0.00,0.00,0.00,0.00,0.00,0.00,0.00,0.00,0.00,0.00,0.00
2024-06-02,mazowieckie,Makowski,1411,0.00,0.00,30.85,2024-06-01,4.44,0.06,0.06,0.03,0.00,0.00,0.00,0.00,0.00,0.00,0.00,0.00,0.00,0.00,0.00,0.00
2024-06-02,mazowieckie,Miński,1412,0.00,0.00,33.26,2024-06-01,15.50,0.00,0.00,0.00,0.00,0.00,0.00,0.00,0.00,0.00,0.00,0.00,0.00,0.00,0.00,0.00
2024-06-02,mazowieckie,Mławski,1413,0.00,0.00,30.11,2024-06-01,7.23,0.00,0.00,0.00,0.00,0.00,0.00,0.00,0.00,0.00,0.00,0.00,0.00,0.00,0.00,0.00
2024-06-02,mazowieckie,Nowodworski,1414,0.00,0.00,41.68,2024-06-01,7.93,0.02,0.02,0.00,0.00,0.00,0.02,0.02,0.02,0.02,0.02,0.02,0.02,0.00,0.00,0.00
2024-06-02,mazowieckie,Ostrołęcki,1415,0.00,0.00,16.99,2024-06-01,8.85,0.02,0.02,0.02,0.02,0.00,0.00,0.00,0.00,0.00,0.00,0.00,0.00,0.00,0.00,0.00
2024-06-02,mazowieckie,Ostrowski,1416,0.00,0.00,24.01,2024-06-01,7.18,0.02,0.02,0.00,0.00,0.02,0.02,0.02,0.02,0.02,0.02,0.02,0.00,0.00,0.00,0.00
2024-06-02,mazowieckie,Otwocki,1417,0.00,0.01,40.87,2024-06-01,12.43,0.01,0.01,0.01,0.01,0.02,0.01,0.02,0.02,0.02,0.03,0.03,0.02,0.02,0.01,0.01
2024-06-02,mazowieckie,Piaseczyński,1418,0.00,0.00,60.91,2024-06-01,19.06,0.00,0.00,0.00,0.00,0.00,0.00,0.00,0.00,0.00,0.00,0.00,0.00,0.00,0.00,0.00
2024-06-02,mazowieckie,Płocki,1419,0.00,0.00,22.41,2024-06-01,11.07,0.00,0.00,0.00,0.00,0.00,0.00,0.00,0.00,0.00,0.00,0.00,0.00,0.00,0.00,0.00
2024-06-02,mazowieckie,Płoński,1420,0.00,0.00,28.46,2024-06-01,8.67,0.00,0.00,0.00,0.00,0.00,0.00,0.00,0.00,0.00,0.00,0.00,0.00,0.00,0.00,0.00
2024-06-02,mazowieckie,Pruszkowski,1421,0.00,0.00,46.14,2024-06-01,16.67,0.00,0.00,0.00,0.00,0.00,0.00,0.00,0.00,0.00,0.00,0.00,0.00,0.00,0.00,0.00
2024-06-02,mazowieckie,Przasnyski,1422,0.00,0.00,29.00,2024-06-01,5.21,0.00,0.00,0.00,0.00,0.00,0.00,0.00,0.00,0.00,0.00,0.00,0.00,0.00,0.00,0.00
2024-06-02,mazowieckie,Przysuski,1423,0.00,0.00,25.52,2024-06-01,4.11,0.00,0.00,0.00,0.00,0.00,0.00,0.00,0.00,0.00,0.00,0.00,0.00,0.00,0.00,0.00
2024-06-02,mazowieckie,Pułtuski,1424,0.00,0.03,29.18,2024-06-01,5.17,0.00,0.00,0.00,0.00,0.00,0.00,0.00,0.00,0.00,0.00,0.00,0.03,0.03,0.03,0.03
2024-06-02,mazowieckie,Radomski,1425,0.00,0.00,16.06,2024-06-01,15.22,0.00,0.00,0.00,0.00,0.00,0.00,0.00,0.00,0.00,0.00,0.00,0.00,0.00,0.00,0.00
2024-06-02,mazowieckie,Siedlecki,1426,0.00,0.00,11.12,2024-06-01,8.14,0.02,0.02,0.00,0.00,0.00,0.00,0.02,0.02,0.02,0.02,0.02,0.02,0.02,0.00,0.00
2024-06-02,mazowieckie,Sierpecki,1427,0.00,0.00,28.33,2024-06-01,5.15,0.03,0.03,0.03,0.00,0.00,0.00,0.00,0.00,0.00,0.00,0.00,0.00,0.00,0.00,0.00
2024-06-02,mazowieckie,Sochaczewski,1428,0.00,0.02,37.16,2024-06-01,8.48,0.00,0.00,0.00,0.00,0.02,0.02,0.02,0.02,0.02,0.02,0.02,0.02,0.02,0.02,0.02
2024-06-02,mazowieckie,Sokołowski,1429,0.00,0.00,29.46,2024-06-01,5.33,0.00,0.00,0.00,0.00,0.00,0.00,0.00,0.00,0.00,0.00,0.00,0.00,0.00,0.00,0.00
2024-06-02,mazowieckie,Szydłowiecki,1430,0.00,0.00,20.38,2024-06-01,3.93,0.00,0.00,0.00,0.00,0.00,0.00,0.00,0.00,0.00,0.00,0.00,0.00,0.00,0.00,0.00
2024-06-02,mazowieckie,Warszawski Zachodni,1432,0.00,0.02,53.37,2024-06-01,12.01,0.00,0.00,0.00,0.00,0.00,0.00,0.00,0.00,0.00,0.02,0.02,0.02,0.02,0.02,0.02
2024-06-02,mazowieckie,Węgrowski,1433,0.00,0.00,23.76,2024-06-01,6.54,0.02,0.02,0.02,0.02,0.02,0.02,0.00,0.00,0.00,0.00,0.00,0.00,0.00,0.00,0.00
2024-06-02,mazowieckie,Wołomiński,1434,0.00,0.00,40.63,2024-06-01,25.24,0.01,0.01,0.01,0.02,0.02,0.02,0.02,0.02,0.02,0.02,0.01,0.00,0.00,0.00,0.00
2024-06-02,mazowieckie,Wyszkowski,1435,0.00,0.02,33.08,2024-06-01,7.42,0.04,0.04,0.04,0.04,0.04,0.00,0.00,0.00,0.00,0.00,0.02,0.02,0.02,0.02,0.02
2024-06-02,mazowieckie,Zwoleński,1436,0.00,0.00,20.30,2024-06-01,3.59,0.00,0.00,0.00,0.00,0.00,0.00,0.00,0.00,0.00,0.00,0.00,0.00,0.00,0.00,0.00
2024-06-02,mazowieckie,Żuromiński,1437,0.00,0.19,26.87,2024-06-01,3.82,0.04,0.04,0.00,0.00,0.00,0.00,0.00,0.00,0.00,0.07,0.07,0.11,0.11,0.19,0.19
2024-06-02,mazowieckie,Żyrardowski,1438,0.00,0.00,34.82,2024-06-01,7.54,0.00,0.00,0.00,0.00,0.00,0.00,0.00,0.00,0.00,0.00,0.00,0.00,0.00,0.00,0.00
2024-06-02,mazowieckie,Ostrołęka,1461,0.00,0.08,48.45,2024-06-01,5.17,0.00,0.00,0.00,0.00,0.00,0.00,0.00,0.00,0.00,0.00,0.03,0.08,0.08,0.08,0.08
2024-06-02,mazowieckie,Płock,1462,0.00,0.00,54.79,2024-06-01,11.83,0.00,0.00,0.00,0.01,0.01,0.01,0.01,0.01,0.01,0.01,0.00,0.00,0.00,0.00,0.00
2024-06-02,mazowieckie,Radom,1463,0.00,0.01,40.31,2024-06-01,20.93,0.01,0.01,0.00,0.01,0.01,0.01,0.01,0.01,0.01,0.01,0.01,0.01,0.01,0.01,0.01
2024-06-02,mazowieckie,Siedlce,1464,0.00,0.04,41.67,2024-06-01,7.78,0.02,0.02,0.02,0.00,0.00,0.00,0.02,0.02,0.02,0.04,0.04,0.06,0.06,0.04,0.04
2024-06-02,mazowieckie,Warszawa,1465,0.00,0.01,75.37,2024-06-01,179.42,0.01,0.01,0.01,0.01,0.01,0.01,0.01,0.01,0.01,0.01,0.01,0.01,0.01,0.01,0.01
2024-06-02,opolskie,Brzeski,1601,0.00,0.00,29.03,2024-06-01,8.93,0.00,0.00,0.00,0.00,0.00,0.00,0.00,0.00,0.00,0.00,0.00,0.00,0.00,0.00,0.00
2024-06-02,opolskie,Głubczycki,1602,0.00,0.00,33.73,2024-06-01,4.50,0.00,0.00,0.00,0.00,0.00,0.00,0.00,0.00,0.00,0.00,0.00,0.00,0.00,0.00,0.00
2024-06-02,opolskie,Kędzierzyńsko-Kozielski,1603,0.00,0.00,33.65,2024-06-01,9.30,0.00,0.00,0.00,0.00,0.00,0.00,0.00,0.00,0.00,0.00,0.00,0.00,0.00,0.00,0.00
2024-06-02,opolskie,Kluczborski,1604,0.00,0.00,36.03,2024-06-01,6.50,0.00,0.00,0.00,0.00,0.00,0.00,0.00,0.00,0.00,0.00,0.00,0.00,0.00,0.00,0.00
2024-06-02,opolskie,Krapkowicki,1605,0.00,0.00,52.35,2024-06-01,6.32,0.00,0.00,0.00,0.00,0.00,0.00,0.00,0.00,0.00,0.00,0.00,0.00,0.00,0.00,0.00
2024-06-02,opolskie,Namysłowski,1606,0.00,0.00,32.82,2024-06-01,4.25,0.00,0.00,0.00,0.00,0.00,0.00,0.00,0.00,0.00,0.00,0.00,0.00,0.00,0.00,0.00
2024-06-02,opolskie,Nyski,1607,0.00,0.01,27.92,2024-06-01,13.49,0.00,0.00,0.00,0.00,0.00,0.00,0.00,0.00,0.00,0.00,0.01,0.01,0.01,0.01,0.01
2024-06-02,opolskie,Oleski,1608,0.00,0.00,27.72,2024-06-01,6.38,0.00,0.00,0.00,0.00,0.00,0.00,0.00,0.00,0.00,0.00,0.00,0.00,0.00,0.00,0.00
2024-06-02,opolskie,Opolski,1609,0.00,0.01,24.31,2024-06-01,12.35,0.00,0.00,0.00,0.00,0.00,0.01,0.01,0.01,0.01,0.02,0.02,0.02,0.01,0.01,0.01
2024-06-02,opolskie,Prudnicki,1610,0.00,0.00,27.80,2024-06-01,5.48,0.00,0.00,0.00,0.03,0.03,0.03,0.03,0.03,0.03,0.03,0.00,0.00,0.00,0.00,0.00
2024-06-02,opolskie,Strzelecki,1611,0.00,0.15,32.10,2024-06-01,7.39,0.00,0.00,0.00,0.00,0.00,0.00,0.00,0.00,0.00,0.15,0.15,0.15,0.15,0.15,0.15
2024-06-02,opolskie,Opole,1661,0.00,0.00,60.65,2024-06-01,12.78,0.05,0.05,0.03,0.02,0.02,0.02,0.01,0.01,0.01,0.01,0.00,0.00,0.00,0.00,0.00
2024-06-02,podkarpackie,Bieszczadzki,1801,0.00,0.00,20.31,2024-06-01,2.15,0.00,0.00,0.00,0.00,0.00,0.00,0.00,0.00,0.00,0.00,0.00,0.00,0.00,0.00,0.00
2024-06-02,podkarpackie,Brzozowski,1802,0.00,0.00,17.47,2024-06-01,6.54,0.02,0.02,0.02,0.02,0.02,0.00,0.00,0.00,0.00,0.00,0.00,0.00,0.00,0.00,0.00
2024-06-02,podkarpackie,Dębicki,1803,0.00,0.00,15.15,2024-06-01,13.50,0.00,0.00,0.00,0.00,0.00,0.00,0.00,0.00,0.00,0.00,0.00,0.00,0.00,0.00,0.00
2024-06-02,podkarpackie,Jarosławski,1804,0.00,0.00,20.90,2024-06-01,11.97,0.01,0.01,0.01,0.00,0.00,0.00,0.00,0.00,0.00,0.00,0.00,0.00,0.00,0.00,0.00
2024-06-02,podkarpackie,Jasielski,1805,0.00,0.00,22.00,2024-06-01,11.29,0.00,0.00,0.00,0.00,0.00,0.00,0.00,0.00,0.00,0.00,0.00,0.00,0.00,0.00,0.00
2024-06-02,podkarpackie,Kolbuszowski,1806,0.00,0.02,9.47,2024-06-01,6.20,0.00,0.00,0.00,0.00,0.00,0.00,0.00,0.00,0.00,0.02,0.02,0.02,0.02,0.02,0.02
2024-06-02,podkarpackie,Krośnieński,1807,0.00,0.00,14.96,2024-06-01,11.19,0.00,0.00,0.00,0.00,0.00,0.00,0.00,0.00,0.00,0.00,0.00,0.00,0.00,0.00,0.00
2024-06-02,podkarpackie,Leżajski,1808,0.00,0.02,20.52,2024-06-01,6.90,0.04,0.04,0.04,0.04,0.04,0.02,0.00,0.00,0.00,0.02,0.02,0.02,0.02,0.02,0.02
2024-06-02,podkarpackie,Lubaczowski,1809,0.00,0.00,23.64,2024-06-01,5.47,0.00,0.00,0.00,0.00,0.00,0.00,0.00,0.00,0.00,0.00,0.00,0.00,0.00,0.00,0.00
2024-06-02,podkarpackie,Łańcucki,1810,0.00,0.00,19.67,2024-06-01,8.12,0.00,0.00,0.00,0.00,0.00,0.00,0.00,0.00,0.00,0.00,0.00,0.00,0.00,0.00,0.00
2024-06-02,podkarpackie,Mielecki,1811,0.00,0.00,18.25,2024-06-01,13.64,0.00,0.00,0.00,0.00,0.00,0.00,0.00,0.00,0.00,0.00,0.00,0.00,0.00,0.00,0.00
2024-06-02,podkarpackie,Niżański,1812,0.00,0.06,15.30,2024-06-01,6.62,0.00,0.00,0.00,0.00,0.00,0.00,0.00,0.00,0.00,0.00,0.04,0.06,0.06,0.06,0.06
2024-06-02,podkarpackie,Przemyski,1813,0.00,0.00,9.03,2024-06-01,7.39,0.00,0.00,0.00,0.00,0.00,0.00,0.00,0.00,0.00,0.00,0.00,0.00,0.00,0.00,0.00
2024-06-02,podkarpackie,Przeworski,1814,0.00,0.00,14.79,2024-06-01,7.80,0.00,0.00,0.00,0.00,0.00,0.00,0.00,0.00,0.00,0.00,0.00,0.00,0.00,0.00,0.00
2024-06-02,podkarpackie,Ropczycko-Sędziszowski,1815,0.00,0.00,15.46,2024-06-01,7.46,0.02,0.02,0.02,0.02,0.00,0.00,0.00,0.00,0.00,0.00,0.00,0.00,0.00,0.00,0.00
2024-06-02,podkarpackie,Rzeszowski,1816,0.00,0.00,10.66,2024-06-01,17.06,0.00,0.00,0.00,0.00,0.00,0.00,0.00,0.00,0.00,0.00,0.00,0.00,0.00,0.00,0.00
2024-06-02,podkarpackie,Sanocki,1817,0.00,0.05,20.16,2024-06-01,9.38,0.02,0.02,0.02,0.00,0.00,0.00,0.00,0.00,0.00,0.03,0.03,0.03,0.03,0.05,0.05
2024-06-02,podkarpackie,Stalowowolski,1818,0.00,0.01,23.81,2024-06-01,10.54,0.01,0.01,0.01,0.01,0.00,0.00,0.00,0.00,0.00,0.01,0.01,0.01,0.01,0.01,0.01
2024-06-02,podkarpackie,Strzyżowski,1819,0.00,0.00,16.87,2024-06-01,6.12,0.00,0.00,0.00,0.00,0.00,0.00,0.00,0.00,0.00,0.00,0.00,0.00,0.00,0.00,0.00
2024-06-02,podkarpackie,Tarnobrzeski,1820,0.00,0.00,14.11,2024-06-01,5.27,0.00,0.00,0.00,0.00,0.00,0.00,0.00,0.00,0.00,0.00,0.00,0.00,0.00,0.00,0.00
2024-06-02,podkarpackie,Leski,1821,0.00,0.00,18.20,2024-06-01,2.64,0.00,0.00,0.00,0.00,0.00,0.00,0.00,0.00,0.00,0.00,0.00,0.00,0.00,0.00,0.00
2024-06-02,podkarpackie,Krosno,1861,0.00,0.00,43.24,2024-06-01,4.59,0.00,0.00,0.00,0.00,0.00,0.00,0.00,0.00,0.00,0.00,0.00,0.00,0.00,0.00,0.00
2024-06-02,podkarpackie,Przemyśl,1862,0.00,0.00,43.57,2024-06-01,5.98,0.00,0.00,0.00,0.00,0.00,0.00,0.00,0.00,0.00,0.00,0.00,0.00,0.00,0.00,0.00
2024-06-02,podkarpackie,Rzeszów,1863,0.00,0.00,66.16,2024-06-01,19.66,0.00,0.00,0.00,0.00,0.00,0.01,0.01,0.01,0.01,0.01,0.01,0.01,0.00,0.00,0.00
2024-06-02,podkarpackie,Tarnobrzeg,1864,0.00,0.00,45.91,2024-06-01,4.64,0.00,0.00,0.00,0.00,0.00,0.00,0.00,0.00,0.00,0.00,0.00,0.00,0.00,0.00,0.00
2024-06-02,podlaskie,Augustowski,2001,0.00,0.00,27.55,2024-06-01,5.77,0.02,0.02,0.02,0.00,0.00,0.00,0.00,0.00,0.00,0.00,0.00,0.00,0.00,0.00,0.00
2024-06-02,podlaskie,Białostocki,2002,0.00,0.01,20.22,2024-06-01,15.08,0.04,0.04,0.04,0.04,0.05,0.04,0.04,0.04,0.04,0.02,0.02,0.00,0.01,0.01,0.01
2024-06-02,podlaskie,Bielski,2003,0.00,0.00,26.96,2024-06-01,5.37,0.00,0.00,0.00,0.00,0.00,0.00,0.00,0.00,0.00,0.00,0.00,0.00,0.00,0.00,0.00
2024-06-02,podlaskie,Grajewski,2004,0.00,0.00,19.67,2024-06-01,4.68,0.00,0.00,0.00,0.00,0.00,0.00,0.00,0.00,0.00,0.00,0.00,0.00,0.00,0.00,0.00
2024-06-02,podlaskie,Hajnowski,2005,0.00,0.00,32.19,2024-06-01,4.20,0.00,0.00,0.00,0.00,0.00,0.00,0.03,0.03,0.03,0.03,0.03,0.03,0.03,0.00,0.00
2024-06-02,podlaskie,Kolneński,2006,0.00,0.04,15.58,2024-06-01,3.79,0.00,0.00,0.00,0.04,0.04,0.04,0.04,0.04,0.04,0.07,0.04,0.04,0.04,0.04,0.04
2024-06-02,podlaskie,Łomżyński,2007,0.00,0.00,7.81,2024-06-01,5.08,0.03,0.03,0.03,0.03,0.03,0.03,0.00,0.00,0.00,0.00,0.00,0.00,0.00,0.00,0.00
2024-06-02,podlaskie,Moniecki,2008,0.00,0.00,22.67,2024-06-01,4.01,0.00,0.00,0.00,0.04,0.04,0.07,0.07,0.07,0.07,0.07,0.04,0.04,0.00,0.00,0.00
2024-06-02,podlaskie,Sejneński,2009,0.00,0.00,23.34,2024-06-01,1.97,0.00,0.00,0.00,0.00,0.00,0.00,0.00,0.00,0.00,0.00,0.00,0.00,0.00,0.00,0.00
2024-06-02,podlaskie,Siemiatycki,2010,0.00,0.00,22.12,2024-06-01,4.36,0.00,0.00,0.00,0.00,0.00,0.00,0.00,0.00,0.00,0.00,0.00,0.00,0.00,0.00,0.00
2024-06-02,podlaskie,Sokólski,2011,0.00,0.00,26.40,2024-06-01,6.59,0.00,0.00,0.00,0.00,0.00,0.00,0.00,0.00,0.00,0.00,0.00,0.00,0.00,0.00,0.00
2024-06-02,podlaskie,Suwalski,2012,0.00,0.00,10.07,2024-06-01,3.56,0.00,0.00,0.00,0.00,0.00,0.00,0.00,0.00,0.00,0.00,0.00,0.00,0.00,0.00,0.00
2024-06-02,podlaskie,Wysokomazowiecki,2013,0.00,0.00,26.05,2024-06-01,5.64,0.00,0.00,0.00,0.00,0.00,0.00,0.00,0.00,0.00,0.00,0.00,0.00,0.00,0.00,0.00
2024-06-02,podlaskie,Zambrowski,2014,0.00,0.00,23.95,2024-06-01,4.32,0.00,0.00,0.00,0.00,0.00,0.00,0.00,0.00,0.00,0.00,0.00,0.00,0.00,0.00,0.00
2024-06-02,podlaskie,Białystok,2061,0.00,0.05,53.01,2024-06-01,29.70,0.01,0.01,0.01,0.02,0.02,0.02,0.02,0.02,0.02,0.04,0.03,0.04,0.03,0.05,0.05
2024-06-02,podlaskie,Łomża,2062,0.00,0.00,41.34,2024-06-01,6.26,0.02,0.02,0.02,0.02,0.02,0.02,0.00,0.00,0.00,0.00,0.00,0.00,0.00,0.00,0.00
2024-06-02,podlaskie,Suwałki,2063,0.00,0.00,40.79,2024-06-01,6.96,0.00,0.00,0.00,0.00,0.00,0.00,0.00,0.00,0.00,0.00,0.00,0.00,0.00,0.00,0.00
2024-06-02,pomorskie,Bytowski,2201,0.00,0.05,31.22,2024-06-01,7.91,0.02,0.02,0.02,0.02,0.02,0.02,0.02,0.00,0.00,0.00,0.00,0.00,0.00,0.05,0.05
2024-06-02,pomorskie,Chojnicki,2202,0.00,0.03,39.93,2024-06-01,9.77,0.00,0.00,0.00,0.00,0.00,0.00,0.00,0.00,0.00,0.01,0.01,0.03,0.03,0.03,0.03
2024-06-02,pomorskie,Człuchowski,2203,0.00,0.00,31.26,2024-06-01,5.58,0.00,0.00,0.00,0.00,0.00,0.00,0.00,0.00,0.00,0.00,0.00,0.00,0.00,0.00,0.00
2024-06-02,pomorskie,Gdański,2204,0.00,0.00,36.27,2024-06-01,12.03,0.00,0.00,0.01,0.01,0.01,0.01,0.01,0.01,0.01,0.00,0.00,0.00,0.00,0.00,0.00
2024-06-02,pomorskie,Kartuski,2205,0.00,0.00,26.62,2024-06-01,14.19,0.00,0.00,0.00,0.00,0.00,0.00,0.00,0.00,0.00,0.00,0.00,0.00,0.00,0.00,0.00
2024-06-02,pomorskie,Kościerski,2206,0.00,0.04,34.16,2024-06-01,7.29,0.00,0.00,0.00,0.00,0.00,0.00,0.02,0.02,0.02,0.04,0.04,0.04,0.04,0.04,0.04
2024-06-02,pomorskie,Kwidzyński,2207,0.00,0.00,35.23,2024-06-01,8.30,0.00,0.00,0.00,0.00,0.00,0.00,0.00,0.00,0.00,0.00,0.00,0.00,0.00,0.00,0.00
2024-06-02,pomorskie,Lęborski,2208,0.00,0.00,41.47,2024-06-01,6.61,0.00,0.00,0.00,0.00,0.00,0.00,0.00,0.00,0.00,0.00,0.00,0.00,0.00,0.00,0.00
2024-06-02,pomorskie,Malborski,2209,0.00,0.00,37.62,2024-06-01,6.32,0.00,0.00,0.00,0.00,0.00,0.00,0.00,0.00,0.00,0.00,0.00,0.00,0.00,0.00,0.00
2024-06-02,pomorskie,Nowodworski,2210,0.00,0.00,37.77,2024-06-01,3.54,0.00,0.00,0.00,0.00,0.00,0.00,0.00,0.00,0.00,0.00,0.00,0.00,0.00,0.00,0.00
2024-06-02,pomorskie,Pucki,2211,0.00,0.00,30.27,2024-06-01,8.76,0.00,0.00,0.00,0.00,0.00,0.00,0.00,0.00,0.00,0.00,0.00,0.00,0.00,0.00,0.00
2024-06-02,pomorskie,Słupski,2212,0.00,0.00,24.32,2024-06-01,9.88,0.01,0.01,0.01,0.01,0.00,0.00,0.00,0.00,0.00,0.00,0.00,0.00,0.00,0.00,0.00
2024-06-02,pomorskie,Starogardzki,2213,0.00,0.00,34.24,2024-06-01,12.82,0.00,0.00,0.00,0.00,0.00,0.00,0.00,0.00,0.00,0.00,0.00,0.00,0.00,0.00,0.00
2024-06-02,pomorskie,Tczewski,2214,0.00,0.00,41.03,2024-06-01,11.52,0.00,0.00,0.00,0.00,0.00,0.00,0.00,0.00,0.00,0.00,0.00,0.00,0.00,0.00,0.00
2024-06-02,pomorskie,Wejherowski,2215,0.00,0.00,35.34,2024-06-01,21.95,0.00,0.00,0.00,0.00,0.00,0.01,0.01,0.01,0.01,0.01,0.01,0.01,0.00,0.00,0.00
2024-06-02,pomorskie,Sztumski,2216,0.00,0.00,37.56,2024-06-01,4.11,0.00,0.00,0.00,0.00,0.00,0.00,0.00,0.00,0.00,0.00,0.00,0.00,0.00,0.00,0.00
2024-06-02,pomorskie,Gdańsk,2261,0.00,0.01,69.31,2024-06-01,47.08,0.01,0.01,0.00,0.00,0.00,0.00,0.01,0.01,0.01,0.01,0.01,0.01,0.01,0.01,0.01
2024-06-02,pomorskie,Gdynia,2262,0.00,0.01,63.17,2024-06-01,24.50,0.02,0.02,0.01,0.01,0.01,0.01,0.01,0.01,0.01,0.01,0.01,0.01,0.01,0.01,0.01
2024-06-02,pomorskie,Słupsk,2263,0.00,0.00,62.72,2024-06-01,8.98,0.00,0.00,0.00,0.00,0.00,0.00,0.00,0.00,0.00,0.00,0.00,0.00,0.00,0.00,0.00
2024-06-02,pomorskie,Sopot,2264,0.00,0.00,89.53,2024-06-01,3.53,0.04,0.04,0.00,0.00,0.00,0.00,0.00,0.00,0.00,0.00,0.00,0.00,0.00,0.00,0.00
2024-06-02,śląskie,Będziński,2401,0.00,0.00,40.32,2024-06-01,14.73,0.00,0.00,0.00,0.00,0.00,0.00,0.00,0.00,0.00,0.00,0.00,0.00,0.00,0.00,0.00
2024-06-02,śląskie,Bielski,2402,0.00,0.00,31.34,2024-06-01,16.63,0.00,0.00,0.00,0.00,0.00,0.00,0.00,0.00,0.00,0.00,0.00,0.00,0.00,0.00,0.00
2024-06-02,śląskie,Cieszyński,2403,0.00,0.00,35.47,2024-06-01,17.75,0.02,0.02,0.02,0.02,0.02,0.02,0.02,0.02,0.02,0.02,0.02,0.02,0.00,0.00,0.00
2024-06-02,śląskie,Częstochowski,2404,0.00,0.00,27.48,2024-06-01,13.41,0.00,0.00,0.00,0.00,0.00,0.00,0.00,0.00,0.00,0.00,0.00,0.00,0.00,0.00,0.00
2024-06-02,śląskie,Gliwicki,2405,0.00,0.01,52.86,2024-06-01,11.54,0.01,0.01,0.01,0.00,0.00,0.00,0.00,0.00,0.00,0.01,0.01,0.01,0.01,0.01,0.01
2024-06-02,śląskie,Kłobucki,2406,0.00,0.00,25.02,2024-06-01,8.43,0.03,0.03,0.03,0.05,0.02,0.02,0.02,0.02,0.02,0.02,0.00,0.00,0.00,0.00,0.00
2024-06-02,śląskie,Lubliniecki,2407,0.00,0.00,30.07,2024-06-01,7.61,0.02,0.02,0.02,0.02,0.02,0.02,0.02,0.02,0.02,0.02,0.02,0.00,0.00,0.00,0.00
2024-06-02,śląskie,Mikołowski,2408,0.00,0.00,24.68,2024-06-01,9.92,0.00,0.00,0.00,0.00,0.00,0.00,0.00,0.00,0.00,0.00,0.00,0.00,0.00,0.00,0.00
2024-06-02,śląskie,Myszkowski,2409,0.00,0.00,32.00,2024-06-01,7.05,0.00,0.00,0.00,0.00,0.00,0.00,0.00,0.00,0.00,0.00,0.00,0.00,0.00,0.00,0.00
2024-06-02,śląskie,Pszczyński,2410,0.00,0.00,31.90,2024-06-01,11.18,0.00,0.00,0.00,0.00,0.00,0.00,0.00,0.00,0.00,0.00,0.00,0.00,0.00,0.00,0.00
2024-06-02,śląskie,Raciborski,2411,0.00,0.00,31.12,2024-06-01,10.74,0.00,0.00,0.00,0.00,0.00,0.00,0.00,0.00,0.00,0.00,0.00,0.00,0.00,0.00,0.00
2024-06-02,śląskie,Rybnicki,2412,0.00,0.00,15.56,2024-06-01,7.82,0.00,0.00,0.00,0.00,0.00,0.00,0.00,0.00,0.00,0.00,0.00,0.00,0.00,0.00,0.00
2024-06-02,śląskie,Tarnogórski,2413,0.00,0.00,43.29,2024-06-01,14.08,0.00,0.00,0.01,0.01,0.01,0.01,0.02,0.02,0.02,0.01,0.01,0.01,0.01,0.00,0.00
2024-06-02,śląskie,Bieruńsko-Lędziński,2414,0.00,0.00,28.92,2024-06-01,5.98,0.00,0.00,0.00,0.00,0.00,0.00,0.00,0.00,0.00,0.00,0.00,0.00,0.00,0.00,0.00
2024-06-02,śląskie,Wodzisławski,2415,0.00,0.00,34.11,2024-06-01,15.66,0.01,0.01,0.01,0.01,0.01,0.00,0.00,0.00,0.00,0.00,0.00,0.00,0.00,0.00,0.00
2024-06-02,śląskie,Zawierciański,2416,0.00,0.00,39.73,2024-06-01,11.67,0.00,0.00,0.00,0.00,0.00,0.00,0.00,0.00,0.00,0.00,0.00,0.00,0.00,0.00,0.00
2024-06-02,śląskie,Żywiecki,2417,0.00,0.00,27.98,2024-06-01,15.22,0.00,0.00,0.00,0.00,0.00,0.00,0.00,0.00,0.00,0.00,0.00,0.00,0.00,0.00,0.00
2024-06-02,śląskie,Bielsko-Biała,2461,0.00,0.00,57.24,2024-06-01,16.98,0.01,0.01,0.01,0.01,0.01,0.01,0.00,0.00,0.00,0.00,0.00,0.00,0.00,0.00,0.00
2024-06-02,śląskie,Bytom,2462,0.00,0.00,36.98,2024-06-01,16.33,0.00,0.00,0.00,0.00,0.00,0.00,0.00,0.00,0.00,0.00,0.00,0.00,0.00,0.00,0.00
2024-06-02,śląskie,Chorzów,2463,0.00,0.00,48.64,2024-06-01,10.68,0.00,0.00,0.00,0.00,0.00,0.00,0.00,0.00,0.00,0.00,0.00,0.00,0.00,0.00,0.00
2024-06-02,śląskie,Częstochowa,2464,0.00,0.00,62.89,2024-06-01,21.75,0.00,0.00,0.00,0.00,0.00,0.00,0.00,0.00,0.00,0.00,0.00,0.00,0.00,0.00,0.00
2024-06-02,śląskie,Dąbrowa Górnicza,2465,0.00,0.00,47.15,2024-06-01,11.83,0.00,0.00,0.00,0.00,0.00,0.00,0.00,0.00,0.00,0.00,0.00,0.00,0.00,0.00,0.00
2024-06-02,śląskie,Gliwice,2466,0.00,0.00,52.98,2024-06-01,17.70,0.01,0.01,0.00,0.00,0.00,0.00,0.00,0.00,0.00,0.00,0.00,0.00,0.00,0.00,0.00
2024-06-02,śląskie,Jastrzębie-Zdrój,2467,0.00,0.00,41.92,2024-06-01,8.80,0.00,0.00,0.02,0.02,0.02,0.02,0.02,0.02,0.02,0.00,0.00,0.00,0.00,0.00,0.00
2024-06-02,śląskie,Jaworzno,2468,0.00,0.03,41.18,2024-06-01,9.04,0.00,0.00,0.00,0.00,0.00,0.00,0.00,0.00,0.00,0.00,0.00,0.03,0.03,0.03,0.03
2024-06-02,śląskie,Katowice,2469,0.00,0.01,66.01,2024-06-01,29.06,0.00,0.01,0.01,0.01,0.01,0.01,0.01,0.01,0.00,0.00,0.01,0.01,0.01,0.01,0.01
2024-06-02,śląskie,Mysłowice,2470,0.00,0.00,36.69,2024-06-01,7.46,0.00,0.00,0.00,0.00,0.02,0.06,0.06,0.06,0.06,0.06,0.06,0.04,0.00,0.00,0.00
2024-06-02,śląskie,Piekary Śląskie,2471,0.00,0.00,49.97,2024-06-01,5.47,0.00,0.00,0.00,0.00,0.00,0.00,0.00,0.00,0.00,0.00,0.00,0.00,0.00,0.00,0.00
2024-06-02,śląskie,Ruda Śląska,2472,0.00,0.01,47.57,2024-06-01,13.64,0.00,0.00,0.00,0.00,0.00,0.00,0.00,0.00,0.00,0.00,0.01,0.01,0.01,0.01,0.01
2024-06-02,śląskie,Rybnik,2473,0.00,0.00,35.80,2024-06-01,13.71,0.00,0.00,0.00,0.00,0.00,0.00,0.00,0.00,0.00,0.00,0.00,0.00,0.00,0.00,0.00
2024-06-02,śląskie,Siemianowice Śląskie,2474,0.00,0.00,54.32,2024-06-01,6.63,0.00,0.00,0.00,0.00,0.00,0.00,0.00,0.00,0.00,0.00,0.00,0.00,0.00,0.00,0.00
2024-06-02,śląskie,Sosnowiec,2475,0.00,0.01,56.01,2024-06-01,19.76,0.01,0.01,0.01,0.01,0.01,0.02,0.02,0.01,0.01,0.01,0.02,0.02,0.01,0.01,0.01
2024-06-02,śląskie,Świętochłowice,2476,0.00,0.00,32.33,2024-06-01,4.91,0.00,0.00,0.00,0.00,0.00,0.00,0.00,0.00,0.00,0.00,0.00,0.00,0.00,0.00,0.00
2024-06-02,śląskie,Tychy,2477,0.00,0.00,46.74,2024-06-01,12.69,0.01,0.01,0.00,0.00,0.00,0.00,0.00,0.00,0.00,0.00,0.00,0.00,0.00,0.00,0.00
2024-06-02,śląskie,Zabrze,2478,0.00,0.00,35.59,2024-06-01,17.09,0.00,0.00,0.00,0.00,0.00,0.00,0.01,0.01,0.01,0.01,0.01,0.01,0.01,0.00,0.00
2024-06-02,śląskie,Żory,2479,0.00,0.00,37.91,2024-06-01,6.28,0.02,0.02,0.00,0.00,0.00,0.00,0.00,0.00,0.00,0.00,0.00,0.00,0.00,0.00,0.00
2024-06-02,świętokrzyskie,Buski,2601,0.00,0.00,29.49,2024-06-01,7.11,0.00,0.00,0.00,0.00,0.00,0.00,0.00,0.00,0.00,0.00,0.00,0.00,0.00,0.00,0.00
2024-06-02,świętokrzyskie,Jędrzejowski,2602,0.00,0.00,34.22,2024-06-01,8.49,0.00,0.00,0.00,0.00,0.00,0.00,0.00,0.00,0.00,0.00,0.00,0.00,0.00,0.00,0.00
2024-06-02,świętokrzyskie,Kazimierski,2603,0.00,0.00,28.33,2024-06-01,3.33,0.00,0.00,0.00,0.00,0.00,0.00,0.00,0.00,0.00,0.00,0.00,0.00,0.00,0.00,0.00
2024-06-02,świętokrzyskie,Kielecki,2604,0.00,0.00,20.86,2024-06-01,21.10,0.00,0.00,0.00,0.00,0.00,0.00,0.00,0.00,0.00,0.00,0.00,0.00,0.00,0.00,0.00
2024-06-02,świętokrzyskie,Konecki,2605,0.00,0.00,31.45,2024-06-01,7.91,0.00,0.00,0.00,0.00,0.00,0.00,0.00,0.00,0.00,0.00,0.00,0.00,0.00,0.00,0.00
2024-06-02,świętokrzyskie,Opatowski,2606,0.00,0.00,23.39,2024-06-01,5.15,0.03,0.03,0.03,0.03,0.03,0.03,0.00,0.00,0.00,0.00,0.00,0.00,0.00,0.00,0.00
2024-06-02,świętokrzyskie,Ostrowiecki,2607,0.00,0.00,37.12,2024-06-01,10.77,0.00,0.00,0.00,0.00,0.00,0.00,0.00,0.00,0.00,0.00,0.00,0.00,0.00,0.00,0.00
2024-06-02,świętokrzyskie,Pińczowski,2608,0.00,0.00,29.45,2024-06-01,3.85,0.04,0.04,0.04,0.04,0.04,0.04,0.04,0.00,0.00,0.00,0.00,0.00,0.00,0.00,0.00
2024-06-02,świętokrzyskie,Sandomierski,2609,0.00,0.00,30.03,2024-06-01,7.63,0.00,0.00,0.00,0.00,0.00,0.00,0.00,0.00,0.00,0.00,0.00,0.00,0.00,0.00,0.00
2024-06-02,świętokrzyskie,Skarżyski,2610,0.00,0.00,38.02,2024-06-01,7.32,0.02,0.02,0.02,0.02,0.04,0.02,0.02,0.02,0.02,0.02,0.02,0.00,0.00,0.00,0.00
2024-06-02,świętokrzyskie,Starachowicki,2611,0.00,0.00,31.35,2024-06-01,8.85,0.02,0.02,0.00,0.02,0.02,0.02,0.02,0.02,0.02,0.02,0.00,0.00,0.00,0.00,0.00
2024-06-02,świętokrzyskie,Staszowski,2612,0.00,0.00,22.32,2024-06-01,7.13,0.02,0.02,0.02,0.02,0.02,0.00,0.00,0.00,0.00,0.00,0.00,0.00,0.00,0.00,0.00
2024-06-02,świętokrzyskie,Włoszczowski,2613,0.00,0.00,30.87,2024-06-01,4.47,0.00,0.00,0.00,0.00,0.00,0.00,0.00,0.00,0.00,0.00,0.00,0.00,0.00,0.00,0.00
2024-06-02,świętokrzyskie,Kielce,2661,0.00,0.00,54.09,2024-06-01,19.34,0.00,0.00,0.00,0.01,0.01,0.01,0.01,0.01,0.01,0.01,0.01,0.01,0.00,0.00,0.00
2024-06-02,warmińsko-mazurskie,Bartoszycki,2801,0.00,0.00,37.60,2024-06-01,5.66,0.00,0.00,0.00,0.00,0.00,0.00,0.00,0.00,0.00,0.00,0.00,0.00,0.00,0.00,0.00
2024-06-02,warmińsko-mazurskie,Braniewski,2802,0.00,0.00,32.16,2024-06-01,4.08,0.00,0.00,0.00,0.00,0.00,0.00,0.00,0.00,0.00,0.00,0.00,0.00,0.00,0.00,0.00
2024-06-02,warmińsko-mazurskie,Działdowski,2803,0.00,0.00,36.38,2024-06-01,6.48,0.02,0.02,0.00,0.00,0.00,0.00,0.00,0.00,0.00,0.00,0.00,0.00,0.00,0.00,0.00
2024-06-02,warmińsko-mazurskie,Elbląski,2804,0.00,0.00,27.16,2024-06-01,5.70,0.00,0.00,0.00,0.00,0.03,0.03,0.03,0.03,0.03,0.03,0.03,0.00,0.00,0.00,0.00
2024-06-02,warmińsko-mazurskie,Ełcki,2805,0.00,0.02,34.08,2024-06-01,9.14,0.00,0.00,0.00,0.02,0.02,0.02,0.02,0.02,0.02,0.02,0.02,0.02,0.02,0.02,0.02
2024-06-02,warmińsko-mazurskie,Giżycki,2806,0.00,0.00,40.88,2024-06-01,5.62,0.00,0.00,0.00,0.00,0.00,0.03,0.03,0.03,0.03,0.03,0.03,0.03,0.00,0.00,0.00
2024-06-02,warmińsko-mazurskie,Iławski,2807,0.00,0.00,35.55,2024-06-01,9.26,0.00,0.00,0.00,0.00,0.00,0.00,0.00,0.00,0.00,0.00,0.00,0.00,0.00,0.00,0.00
2024-06-02,warmińsko-mazurskie,Kętrzyński,2808,0.00,0.00,38.14,2024-06-01,6.18,0.00,0.00,0.00,0.00,0.00,0.00,0.00,0.00,0.00,0.00,0.00,0.00,0.00,0.00,0.00
2024-06-02,warmińsko-mazurskie,Lidzbarski,2809,0.00,0.00,30.35,2024-06-01,4.09,0.00,0.00,0.00,0.00,0.00,0.00,0.00,0.00,0.00,0.00,0.00,0.00,0.00,0.00,0.00
2024-06-02,warmińsko-mazurskie,Mrągowski,2810,0.00,0.14,32.24,2024-06-01,4.94,0.00,0.00,0.00,0.00,0.00,0.00,0.00,0.00,0.00,0.00,0.00,0.00,0.00,0.14,0.14
2024-06-02,warmińsko-mazurskie,Nidzicki,2811,0.00,0.00,41.19,2024-06-01,3.26,0.00,0.00,0.00,0.00,0.04,0.04,0.04,0.04,0.04,0.04,0.04,0.00,0.00,0.00,0.00
2024-06-02,warmińsko-mazurskie,Nowomiejski,2812,0.00,0.00,33.75,2024-06-01,4.37,0.00,0.00,0.00,0.00,0.00,0.00,0.00,0.00,0.00,0.00,0.00,0.00,0.00,0.00,0.00
2024-06-02,warmińsko-mazurskie,Olecki,2813,0.00,0.00,29.50,2024-06-01,3.40,0.00,0.00,0.00,0.00,0.00,0.00,0.00,0.00,0.00,0.00,0.00,0.00,0.00,0.00,0.00
2024-06-02,warmińsko-mazurskie,Olsztyński,2814,0.00,0.00,27.71,2024-06-01,12.75,0.00,0.00,0.00,0.00,0.01,0.01,0.01,0.01,0.01,0.01,0.01,0.00,0.00,0.00,0.00
2024-06-02,warmińsko-mazurskie,Ostródzki,2815,0.00,0.00,28.05,2024-06-01,10.35,0.00,0.00,0.00,0.00,0.00,0.00,0.00,0.00,0.00,0.00,0.00,0.00,0.00,0.00,0.00
2024-06-02,warmińsko-mazurskie,Piski,2816,0.00,0.00,29.22,2024-06-01,5.58,0.00,0.00,0.00,0.00,0.00,0.00,0.00,0.00,0.00,0.00,0.00,0.00,0.00,0.00,0.00
2024-06-02,warmińsko-mazurskie,Szczycieński,2817,0.00,0.00,34.01,2024-06-01,6.91,0.00,0.00,0.00,0.00,0.00,0.00,0.00,0.00,0.00,0.00,0.00,0.00,0.00,0.00,0.00
2024-06-02,warmińsko-mazurskie,Gołdapski,2818,0.00,0.00,30.57,2024-06-01,2.65,0.00,0.00,0.00,0.00,0.00,0.00,0.00,0.00,0.00,0.00,0.00,0.00,0.00,0.00,0.00
2024-06-02,warmińsko-mazurskie,Węgorzewski,2819,0.00,0.00,41.39,2024-06-01,2.24,0.00,0.00,0.00,0.00,0.00,0.00,0.00,0.00,0.00,0.00,0.00,0.00,0.00,0.00,0.00
2024-06-02,warmińsko-mazurskie,Elbląg,2861,0.00,0.00,51.87,2024-06-01,11.86,0.00,0.00,0.00,0.00,0.00,0.00,0.00,0.00,0.00,0.00,0.00,0.00,0.00,0.00,0.00
2024-06-02,warmińsko-mazurskie,Olsztyn,2862,0.00,0.00,62.85,2024-06-01,17.12,0.00,0.00,0.00,0.00,0.00,0.01,0.01,0.01,0.01,0.01,0.01,0.01,0.00,0.00,0.00
2024-06-02,wielkopolskie,Chodzieski,3001,0.00,0.00,35.98,2024-06-01,4.68,0.00,0.00,0.00,0.00,0.00,0.00,0.00,0.00,0.00,0.00,0.00,0.00,0.00,0.00,0.00
2024-06-02,wielkopolskie,Czarnkowsko-Trzcianecki,3002,0.00,0.00,38.79,2024-06-01,8.66,0.00,0.00,0.00,0.00,0.00,0.00,0.00,0.00,0.00,0.00,0.00,0.00,0.00,0.00,0.00
2024-06-02,wielkopolskie,Gnieźnieński,3003,0.00,0.01,40.12,2024-06-01,14.51,0.00,0.00,0.00,0.00,0.00,0.00,0.00,0.00,0.00,0.00,0.00,0.00,0.00,0.01,0.01
2024-06-02,wielkopolskie,Gostyński,3004,0.00,0.00,33.51,2024-06-01,7.57,0.00,0.00,0.00,0.00,0.00,0.00,0.00,0.00,0.00,0.00,0.00,0.00,0.00,0.00,0.00
2024-06-02,wielkopolskie,Grodziski,3005,0.00,0.00,25.35,2024-06-01,5.19,0.00,0.00,0.00,0.00,0.00,0.00,0.00,0.00,0.00,0.00,0.00,0.00,0.00,0.00,0.00
2024-06-02,wielkopolskie,Jarociński,3006,0.00,0.00,35.06,2024-06-01,7.14,0.00,0.00,0.00,0.00,0.00,0.00,0.00,0.00,0.00,0.00,0.00,0.00,0.00,0.00,0.00
2024-06-02,wielkopolskie,Kaliski,3007,0.00,0.00,21.06,2024-06-01,8.29,0.02,0.02,0.00,0.00,0.00,0.00,0.00,0.00,0.00,0.00,0.00,0.00,0.00,0.00,0.00
2024-06-02,wielkopolskie,Kępiński,3008,0.00,0.00,25.64,2024-06-01,5.63,0.00,0.00,0.00,0.00,0.00,0.00,0.00,0.00,0.00,0.00,0.00,0.00,0.00,0.00,0.00
2024-06-02,wielkopolskie,Kolski,3009,0.00,0.00,28.17,2024-06-01,8.61,0.00,0.00,0.00,0.00,0.00,0.00,0.00,0.00,0.00,0.00,0.00,0.00,0.00,0.00,0.00
2024-06-02,wielkopolskie,Koniński,3010,0.00,0.00,22.56,2024-06-01,12.99,0.00,0.00,0.00,0.00,0.00,0.00,0.00,0.00,0.00,0.00,0.00,0.00,0.00,0.00,0.00
2024-06-02,wielkopolskie,Kościański,3011,0.00,0.00,37.95,2024-06-01,7.89,0.00,0.00,0.00,0.00,0.00,0.00,0.00,0.00,0.00,0.00,0.00,0.00,0.00,0.00,0.00
2024-06-02,wielkopolskie,Krotoszyński,3012,0.00,0.04,33.25,2024-06-01,7.70,0.02,0.02,0.00,0.00,0.00,0.00,0.00,0.00,0.00,0.00,0.00,0.02,0.02,0.04,0.04
2024-06-02,wielkopolskie,Leszczyński,3013,0.00,0.00,16.28,2024-06-01,5.79,0.00,0.00,0.00,0.00,0.00,0.00,0.00,0.00,0.00,0.00,0.00,0.00,0.00,0.00,0.00
2024-06-02,wielkopolskie,Międzychodzki,3014,0.00,0.00,35.43,2024-06-01,3.66,0.00,0.00,0.00,0.00,0.00,0.00,0.00,0.00,0.00,0.00,0.00,0.00,0.00,0.00,0.00
2024-06-02,wielkopolskie,Nowotomyski,3015,0.00,0.00,35.57,2024-06-01,7.56,0.02,0.02,0.02,0.00,0.00,0.02,0.02,0.02,0.02,0.02,0.02,0.02,0.00,0.00,0.00
2024-06-02,wielkopolskie,Obornicki,3016,0.00,0.00,51.25,2024-06-01,5.98,0.00,0.00,0.00,0.00,0.00,0.00,0.00,0.00,0.00,0.00,0.00,0.00,0.00,0.00,0.00
2024-06-02,wielkopolskie,Ostrowski,3017,0.00,0.00,33.34,2024-06-01,16.14,0.00,0.00,0.00,0.00,0.00,0.00,0.00,0.00,0.00,0.00,0.00,0.00,0.00,0.00,0.00
2024-06-02,wielkopolskie,Ostrzeszowski,3018,0.00,0.00,28.08,2024-06-01,5.53,0.00,0.00,0.00,0.00,0.00,0.00,0.00,0.00,0.00,0.00,0.00,0.00,0.00,0.00,0.00
2024-06-02,wielkopolskie,Pilski,3019,0.00,0.00,39.26,2024-06-01,13.55,0.00,0.00,0.00,0.00,0.00,0.00,0.00,0.00,0.00,0.00,0.00,0.00,0.00,0.00,0.00
2024-06-02,wielkopolskie,Pleszewski,3020,0.00,0.00,37.68,2024-06-01,6.28,0.00,0.00,0.00,0.00,0.00,0.00,0.00,0.00,0.00,0.00,0.00,0.00,0.00,0.00,0.00
2024-06-02,wielkopolskie,Poznański,3021,0.00,0.00,37.98,2024-06-01,40.66,0.01,0.01,0.00,0.00,0.01,0.01,0.01,0.01,0.01,0.01,0.01,0.00,0.00,0.00,0.00
2024-06-02,wielkopolskie,Rawicki,3022,0.00,0.02,41.99,2024-06-01,6.02,0.02,0.02,0.02,0.02,0.02,0.00,0.00,0.00,0.00,0.00,0.02,0.02,0.02,0.02,0.02
2024-06-02,wielkopolskie,Słupecki,3023,0.00,0.00,28.71,2024-06-01,5.90,0.00,0.00,0.00,0.00,0.00,0.00,0.00,0.00,0.00,0.00,0.00,0.00,0.00,0.00,0.00
2024-06-02,wielkopolskie,Szamotulski,3024,0.00,0.00,42.87,2024-06-01,9.17,0.00,0.00,0.00,0.00,0.00,0.00,0.00,0.00,0.00,0.00,0.00,0.00,0.00,0.00,0.00
2024-06-02,wielkopolskie,Średzki,3025,0.00,0.00,39.90,2024-06-01,5.91,0.00,0.00,0.00,0.00,0.00,0.00,0.00,0.00,0.00,0.00,0.00,0.00,0.00,0.00,0.00
2024-06-02,wielkopolskie,Śremski,3026,0.00,0.00,31.24,2024-06-01,6.15,0.00,0.00,0.00,0.00,0.00,0.00,0.00,0.00,0.00,0.00,0.00,0.00,0.00,0.00,0.00
2024-06-02,wielkopolskie,Turecki,3027,0.00,0.00,30.12,2024-06-01,8.36,0.00,0.00,0.00,0.00,0.00,0.00,0.00,0.00,0.00,0.00,0.00,0.00,0.00,0.00,0.00
2024-06-02,wielkopolskie,Wągrowiecki,3028,0.00,0.00,20.38,2024-06-01,7.01,0.02,0.02,0.00,0.00,0.00,0.00,0.00,0.00,0.00,0.00,0.00,0.00,0.00,0.00,0.00
2024-06-02,wielkopolskie,Wolsztyński,3029,0.00,0.00,40.27,2024-06-01,5.74,0.00,0.00,0.00,0.00,0.00,0.00,0.00,0.00,0.00,0.00,0.00,0.00,0.00,0.00,0.00
2024-06-02,wielkopolskie,Wrzesiński,3030,0.00,0.00,37.65,2024-06-01,7.80,0.00,0.00,0.00,0.00,0.00,0.00,0.00,0.00,0.00,0.00,0.00,0.00,0.00,0.00,0.00
2024-06-02,wielkopolskie,Złotowski,3031,0.00,0.00,29.92,2024-06-01,6.92,0.00,0.00,0.00,0.00,0.00,0.00,0.00,0.00,0.00,0.00,0.00,0.00,0.00,0.00,0.00
2024-06-02,wielkopolskie,Kalisz,3061,0.00,0.00,47.15,2024-06-01,9.91,0.00,0.00,0.00,0.00,0.00,0.00,0.00,0.00,0.00,0.00,0.00,0.00,0.00,0.00,0.00
2024-06-02,wielkopolskie,Konin,3062,0.00,0.02,66.00,2024-06-01,7.25,0.02,0.02,0.02,0.02,0.02,0.02,0.02,0.00,0.00,0.02,0.02,0.02,0.02,0.02,0.02
2024-06-02,wielkopolskie,Leszno,3063,0.00,0.00,57.34,2024-06-01,6.29,0.02,0.02,0.02,0.00,0.00,0.00,0.00,0.00,0.00,0.00,0.00,0.00,0.00,0.00,0.00
2024-06-02,wielkopolskie,Poznań,3064,0.00,0.01,106.73,2024-06-01,53.20,0.02,0.02,0.02,0.03,0.03,0.02,0.02,0.02,0.02,0.02,0.02,0.01,0.01,0.01,0.01
2024-06-02,zachodniopomorskie,Białogardzki,3201,0.00,0.00,30.72,2024-06-01,4.73,0.00,0.00,0.00,0.00,0.00,0.00,0.00,0.00,0.00,0.00,0.00,0.00,0.00,0.00,0.00
2024-06-02,zachodniopomorskie,Choszczeński,3202,0.00,0.00,40.27,2024-06-01,4.80,0.00,0.00,0.00,0.00,0.00,0.00,0.00,0.00,0.00,0.00,0.00,0.00,0.00,0.00,0.00
2024-06-02,zachodniopomorskie,Drawski,3203,0.00,0.00,40.10,2024-06-01,5.65,0.00,0.00,0.00,0.00,0.00,0.00,0.00,0.00,0.00,0.00,0.00,0.00,0.00,0.00,0.00
2024-06-02,zachodniopomorskie,Goleniowski,3204,0.00,0.00,36.43,2024-06-01,8.23,0.00,0.00,0.00,0.00,0.00,0.00,0.00,0.00,0.00,0.00,0.00,0.00,0.00,0.00,0.00
2024-06-02,zachodniopomorskie,Gryficki,3205,0.00,0.05,25.32,2024-06-01,5.98,0.00,0.00,0.00,0.00,0.00,0.00,0.00,0.00,0.00,0.00,0.00,0.02,0.02,0.05,0.05
2024-06-02,zachodniopomorskie,Gryfiński,3206,0.00,0.00,32.47,2024-06-01,8.13,0.00,0.00,0.00,0.00,0.00,0.00,0.00,0.00,0.00,0.00,0.00,0.00,0.00,0.00,0.00
2024-06-02,zachodniopomorskie,Kamieński,3207,0.00,0.00,47.77,2024-06-01,4.67,0.00,0.00,0.00,0.00,0.00,0.00,0.00,0.00,0.00,0.00,0.00,0.00,0.00,0.00,0.00
2024-06-02,zachodniopomorskie,Kołobrzeski,3208,0.00,0.00,46.43,2024-06-01,7.93,0.00,0.00,0.00,0.02,0.02,0.02,0.02,0.02,0.02,0.02,0.00,0.00,0.00,0.00,0.00
2024-06-02,zachodniopomorskie,Koszaliński,3209,0.00,0.00,20.97,2024-06-01,6.65,0.00,0.00,0.00,0.00,0.00,0.00,0.00,0.00,0.00,0.00,0.00,0.00,0.00,0.00,0.00
2024-06-02,zachodniopomorskie,Myśliborski,3210,0.00,0.00,28.84,2024-06-01,6.54,0.00,0.00,0.00,0.00,0.00,0.00,0.00,0.00,0.00,0.00,0.00,0.00,0.00,0.00,0.00
2024-06-02,zachodniopomorskie,Policki,3211,0.00,0.00,34.03,2024-06-01,8.16,0.00,0.00,0.00,0.02,0.02,0.02,0.02,0.02,0.02,0.02,0.00,0.00,0.00,0.00,0.00
2024-06-02,zachodniopomorskie,Pyrzycki,3212,0.00,0.00,33.31,2024-06-01,3.92,0.00,0.00,0.00,0.00,0.00,0.00,0.00,0.00,0.00,0.00,0.00,0.00,0.00,0.00,0.00
2024-06-02,zachodniopomorskie,Sławieński,3213,0.00,0.00,34.91,2024-06-01,5.58,0.00,0.00,0.00,0.00,0.00,0.00,0.00,0.00,0.00,0.00,0.00,0.00,0.00,0.00,0.00
2024-06-02,zachodniopomorskie,Stargardzki,3214,0.00,0.00,36.89,2024-06-01,12.01,0.00,0.00,0.00,0.00,0.00,0.00,0.00,0.00,0.00,0.00,0.00,0.00,0.00,0.00,0.00
2024-06-02,zachodniopomorskie,Szczecinecki,3215,0.00,0.00,42.61,2024-06-01,7.73,0.00,0.00,0.00,0.00,0.00,0.00,0.00,0.00,0.00,0.00,0.00,0.00,0.00,0.00,0.00
2024-06-02,zachodniopomorskie,Świdwiński,3216,0.00,0.00,38.37,2024-06-01,4.64,0.00,0.00,0.00,0.00,0.00,0.00,0.00,0.00,0.00,0.00,0.00,0.00,0.00,0.00,0.00
2024-06-02,zachodniopomorskie,Wałecki,3217,0.00,0.00,31.41,2024-06-01,5.27,0.00,0.00,0.00,0.00,0.00,0.00,0.00,0.00,0.00,0.00,0.00,0.00,0.00,0.00,0.00
2024-06-02,zachodniopomorskie,Łobeski,3218,0.00,0.00,63.81,2024-06-01,3.65,0.00,0.00,0.00,0.00,0.00,0.00,0.00,0.00,0.00,0.00,0.00,0.00,0.00,0.00,0.00
2024-06-02,zachodniopomorskie,Koszalin,3261,0.00,0.00,63.25,2024-06-01,10.62,0.01,0.01,0.00,0.00,0.00,0.00,0.00,0.00,0.00,0.00,0.00,0.00,0.00,0.00,0.00
2024-06-02,zachodniopomorskie,Szczecin,3262,0,0.008571428571,61.39709483,2024-06-01,39.83,0.00,0.00,0.01,0.00,0.01,0.01,0.01,0.01,0.01,0.01,0.02,0.01,0.01,0.01,0.01
2024-06-02,zachodniopomorskie,Świnoujście,3263,0,0.03428571429,48.72765459,2024-06-01,4.09,0.00,0.00,0.00,0.00,0.00,0.00,0.00,0.00,0.00,0.00,0.03,0.03,0.03,0.03,0.03
