Date,Voivodeships,Districts,Terytorial Code,14D Total Deaths / 10000,7D AVR Infections / 10000,(% ) Booster Dose,Date - Booster Dose,Population / 10000,t14,t13,t12,t11,t10,t9,t8,t7,t6,t5,t4,t3,t2,t1,t
2024-02-17,Entire Country,Entire Country,0000,0.01,0.05,39.31,2024-02-10,3823.19,0.09,0.09,0.09,0.09,0.08,0.08,0.07,0.07,0.07,0.07,0.06,0.06,0.05,0.05,0.05
2024-02-17,dolnośląskie,Bolesławiecki,0201,0.00,0.05,32.66,2024-02-10,8.98,0.13,0.13,0.13,0.14,0.13,0.16,0.13,0.09,0.09,0.09,0.11,0.09,0.06,0.06,0.05
2024-02-17,dolnośląskie,Dzierżoniowski,0202,0.00,0.16,36.30,2024-02-10,9.99,0.16,0.16,0.16,0.17,0.16,0.17,0.14,0.14,0.14,0.14,0.07,0.09,0.07,0.11,0.16
2024-02-17,dolnośląskie,Głogowski,0203,0.11,0.14,44.14,2024-02-10,8.84,0.18,0.18,0.18,0.13,0.10,0.10,0.08,0.06,0.06,0.06,0.11,0.11,0.10,0.10,0.14
2024-02-17,dolnośląskie,Górowski,0204,0.29,0.04,28.47,2024-02-10,3.46,0.00,0.00,0.00,0.00,0.00,0.00,0.00,0.00,0.00,0.00,0.00,0.00,0.00,0.00,0.04
2024-02-17,dolnośląskie,Jaworski,0205,0.00,0.00,36.99,2024-02-10,4.97,0.00,0.00,0.00,0.03,0.03,0.03,0.03,0.03,0.03,0.03,0.00,0.00,0.00,0.00,0.00
2024-02-17,dolnośląskie,Karkonoski,0206,0.00,0.05,30.03,2024-02-10,6.33,0.09,0.09,0.09,0.02,0.02,0.00,0.05,0.05,0.05,0.05,0.05,0.05,0.09,0.05,0.05
2024-02-17,dolnośląskie,Kamiennogórski,0207,0.00,0.13,37.40,2024-02-10,4.28,0.07,0.07,0.07,0.03,0.00,0.00,0.03,0.03,0.03,0.03,0.07,0.07,0.10,0.07,0.13
2024-02-17,dolnośląskie,Kłodzki,0208,0.00,0.00,36.60,2024-02-10,15.63,0.01,0.02,0.02,0.02,0.01,0.02,0.02,0.02,0.01,0.01,0.01,0.01,0.00,0.00,0.00
2024-02-17,dolnośląskie,Legnicki,0209,0.00,0.00,32.93,2024-02-10,5.51,0.00,0.00,0.00,0.00,0.00,0.00,0.00,0.00,0.00,0.00,0.00,0.00,0.00,0.00,0.00
2024-02-17,dolnośląskie,Lubański,0210,0.19,0.00,32.86,2024-02-10,5.39,0.00,0.00,0.00,0.00,0.00,0.00,0.00,0.00,0.00,0.00,0.00,0.00,0.00,0.00,0.00
2024-02-17,dolnośląskie,Lubiński,0211,0.09,0.09,45.40,2024-02-10,10.59,0.12,0.12,0.12,0.23,0.24,0.23,0.19,0.19,0.19,0.19,0.08,0.08,0.12,0.12,0.09
2024-02-17,dolnośląskie,Lwówecki,0212,0.00,0.03,40.79,2024-02-10,4.56,0.09,0.09,0.09,0.09,0.00,0.00,0.00,0.00,0.00,0.00,0.00,0.03,0.03,0.03,0.03
2024-02-17,dolnośląskie,Milicki,0213,0.00,0.04,36.17,2024-02-10,3.68,0.12,0.12,0.12,0.12,0.08,0.08,0.08,0.12,0.12,0.12,0.12,0.12,0.04,0.08,0.04
2024-02-17,dolnośląskie,Oleśnicki,0214,0.00,0.01,53.91,2024-02-10,10.73,0.01,0.01,0.01,0.01,0.01,0.01,0.01,0.05,0.05,0.05,0.05,0.05,0.05,0.05,0.01
2024-02-17,dolnośląskie,Oławski,0215,0.00,0.09,27.13,2024-02-10,4.36,0.02,0.02,0.02,0.02,0.02,0.00,0.00,0.02,0.02,0.02,0.09,0.11,0.11,0.11,0.09
2024-02-17,dolnośląskie,Polkowicki,0216,0.16,0.02,28.36,2024-02-10,6.30,0.14,0.14,0.14,0.18,0.16,0.16,0.11,0.11,0.11,0.11,0.02,0.05,0.05,0.02,0.02
2024-02-17,dolnośląskie,Strzeliński,0217,0.00,0.07,36.47,2024-02-10,4.32,0.20,0.20,0.20,0.20,0.20,0.20,0.10,0.16,0.16,0.16,0.13,0.13,0.10,0.13,0.07
2024-02-17,dolnośląskie,Średzki,0218,0.00,0.05,25.61,2024-02-10,5.55,0.05,0.05,0.05,0.03,0.03,0.03,0.03,0.03,0.03,0.03,0.05,0.05,0.05,0.05,0.05
2024-02-17,dolnośląskie,Świdnicki,0219,0.00,0.02,37.87,2024-02-10,15.60,0.04,0.04,0.04,0.05,0.05,0.05,0.05,0.04,0.04,0.04,0.05,0.03,0.03,0.03,0.02
2024-02-17,dolnośląskie,Trzebnicki,0220,0.00,0.05,34.08,2024-02-10,8.52,0.02,0.02,0.02,0.10,0.19,0.19,0.25,0.24,0.24,0.24,0.15,0.08,0.08,0.05,0.05
2024-02-17,dolnośląskie,Wałbrzyski,0221,0.00,0.00,24.82,2024-02-10,5.51,0.00,0.00,0.00,0.00,0.00,0.00,0.00,0.00,0.00,0.00,0.00,0.00,0.00,0.00,0.00
2024-02-17,dolnośląskie,Wołowski,0222,0.00,0.03,36.06,2024-02-10,4.66,0.00,0.00,0.00,0.00,0.00,0.00,0.00,0.00,0.00,0.00,0.00,0.00,0.00,0.03,0.03
2024-02-17,dolnośląskie,Wrocławski,0223,0.00,0.03,33.92,2024-02-10,15.63,0.06,0.06,0.06,0.06,0.06,0.05,0.06,0.08,0.08,0.08,0.05,0.05,0.04,0.04,0.03
2024-02-17,dolnośląskie,Ząbkowicki,0224,0.00,0.00,35.22,2024-02-10,6.41,0.25,0.25,0.25,0.29,0.18,0.16,0.16,0.18,0.18,0.18,0.07,0.07,0.05,0.02,0.00
2024-02-17,dolnośląskie,Zgorzelecki,0225,0.00,0.00,36.76,2024-02-10,8.84,0.03,0.03,0.03,0.02,0.02,0.02,0.00,0.03,0.03,0.03,0.03,0.03,0.03,0.03,0.00
2024-02-17,dolnośląskie,Złotoryjski,0226,0.00,0.03,38.49,2024-02-10,4.30,0.03,0.03,0.03,0.03,0.00,0.00,0.00,0.00,0.00,0.00,0.00,0.03,0.03,0.03,0.03
2024-02-17,dolnośląskie,Jelenia Góra,0261,0.00,0.02,57.83,2024-02-10,7.83,0.04,0.04,0.04,0.06,0.04,0.04,0.02,0.02,0.02,0.02,0.02,0.02,0.02,0.02,0.02
2024-02-17,dolnośląskie,Legnica,0262,0.00,0.03,45.85,2024-02-10,9.84,0.01,0.01,0.01,0.00,0.00,0.00,0.00,0.00,0.00,0.00,0.01,0.01,0.03,0.03,0.03
2024-02-17,dolnośląskie,Wrocław,0264,0.00,0.02,73.13,2024-02-10,64.19,0.09,0.09,0.09,0.08,0.06,0.06,0.05,0.04,0.04,0.04,0.03,0.02,0.02,0.03,0.02
2024-02-17,dolnośląskie,Wałbrzych,0265,0.00,0.00,56.11,2024-02-10,11.00,0.00,0.00,0.00,0.00,0.00,0.00,0.00,0.00,0.00,0.00,0.00,0.00,0.00,0.00,0.00
2024-02-17,kujawsko-pomorskie,Aleksandrowski,0401,0.00,0.00,46.36,2024-02-10,5.49,0.05,0.05,0.03,0.03,0.03,0.03,0.00,0.00,0.00,0.00,0.00,0.00,0.00,0.00,0.00
2024-02-17,kujawsko-pomorskie,Brodnicki,0402,0.00,0.04,34.01,2024-02-10,7.90,0.02,0.02,0.02,0.02,0.02,0.02,0.02,0.04,0.04,0.04,0.04,0.06,0.06,0.06,0.04
2024-02-17,kujawsko-pomorskie,Bydgoski,0403,0.00,0.03,29.13,2024-02-10,12.04,0.05,0.05,0.05,0.03,0.06,0.05,0.04,0.05,0.05,0.05,0.05,0.02,0.03,0.03,0.03
2024-02-17,kujawsko-pomorskie,Chełmiński,0404,0.00,0.05,38.00,2024-02-10,5.17,0.14,0.14,0.14,0.17,0.14,0.05,0.11,0.11,0.11,0.11,0.11,0.08,0.08,0.05,0.05
2024-02-17,kujawsko-pomorskie,Golubsko-Dobrzyński,0405,0.00,0.00,25.77,2024-02-10,4.49,0.09,0.06,0.06,0.09,0.09,0.09,0.13,0.13,0.13,0.13,0.09,0.06,0.06,0.00,0.00
2024-02-17,kujawsko-pomorskie,Grudziądzki,0406,0.00,0.14,21.58,2024-02-10,4.03,0.18,0.18,0.18,0.14,0.14,0.21,0.21,0.18,0.18,0.18,0.25,0.25,0.14,0.11,0.14
2024-02-17,kujawsko-pomorskie,Inowrocławski,0407,0.00,0.06,31.64,2024-02-10,15.85,0.28,0.28,0.28,0.17,0.17,0.14,0.14,0.14,0.14,0.14,0.14,0.14,0.14,0.09,0.06
2024-02-17,kujawsko-pomorskie,Lipnowski,0408,0.00,0.13,29.43,2024-02-10,6.55,0.09,0.09,0.09,0.09,0.11,0.13,0.15,0.11,0.11,0.11,0.15,0.11,0.06,0.13,0.13
2024-02-17,kujawsko-pomorskie,Mogileński,0409,0.00,0.00,38.09,2024-02-10,4.55,0.06,0.06,0.06,0.03,0.03,0.09,0.09,0.06,0.06,0.06,0.06,0.06,0.00,0.00,0.00
2024-02-17,kujawsko-pomorskie,Nakielski,0410,0.12,0.00,40.03,2024-02-10,8.61,0.18,0.18,0.18,0.10,0.08,0.10,0.07,0.07,0.07,0.07,0.03,0.02,0.00,0.00,0.00
2024-02-17,kujawsko-pomorskie,Radziejowski,0411,0.00,0.18,33.33,2024-02-10,4.00,0.36,0.36,0.36,0.25,0.25,0.14,0.14,0.07,0.04,0.04,0.07,0.07,0.07,0.07,0.18
2024-02-17,kujawsko-pomorskie,Rypiński,0412,0.00,0.00,33.57,2024-02-10,4.34,0.10,0.10,0.10,0.00,0.00,0.00,0.00,0.00,0.00,0.00,0.00,0.00,0.00,0.00,0.00
2024-02-17,kujawsko-pomorskie,Sępoleński,0413,0.00,0.07,38.06,2024-02-10,4.08,0.03,0.00,0.00,0.00,0.00,0.03,0.03,0.03,0.03,0.03,0.03,0.03,0.07,0.07,0.07
2024-02-17,kujawsko-pomorskie,Świecki,0414,0.00,0.14,36.05,2024-02-10,9.87,0.20,0.20,0.20,0.16,0.11,0.10,0.11,0.13,0.13,0.13,0.14,0.14,0.20,0.16,0.14
2024-02-17,kujawsko-pomorskie,Toruński,0415,0.00,0.01,20.63,2024-02-10,10.96,0.03,0.03,0.03,0.05,0.04,0.06,0.05,0.05,0.05,0.05,0.04,0.04,0.01,0.01,0.01
2024-02-17,kujawsko-pomorskie,Tucholski,0416,0.00,0.00,33.38,2024-02-10,4.83,0.12,0.12,0.12,0.12,0.06,0.06,0.03,0.00,0.00,0.00,0.00,0.00,0.00,0.00,0.00
2024-02-17,kujawsko-pomorskie,Wąbrzeski,0417,0.00,0.00,32.89,2024-02-10,3.40,0.12,0.12,0.12,0.08,0.08,0.04,0.04,0.00,0.00,0.00,0.00,0.00,0.00,0.00,0.00
2024-02-17,kujawsko-pomorskie,Włocławski,0418,0.00,0.10,26.25,2024-02-10,8.56,0.03,0.03,0.03,0.07,0.07,0.12,0.13,0.13,0.13,0.13,0.15,0.15,0.10,0.10,0.10
2024-02-17,kujawsko-pomorskie,Żniński,0419,0.00,0.04,24.94,2024-02-10,6.99,0.22,0.22,0.22,0.16,0.16,0.18,0.16,0.14,0.14,0.14,0.12,0.10,0.02,0.04,0.04
2024-02-17,kujawsko-pomorskie,Bydgoszcz,0461,0.03,0.03,66.41,2024-02-10,34.41,0.10,0.10,0.10,0.10,0.09,0.08,0.07,0.05,0.05,0.05,0.03,0.03,0.03,0.03,0.03
2024-02-17,kujawsko-pomorskie,Grudziądz,0462,0.00,0.20,52.52,2024-02-10,9.36,0.21,0.21,0.21,0.20,0.15,0.14,0.12,0.12,0.12,0.12,0.12,0.15,0.15,0.18,0.20
2024-02-17,kujawsko-pomorskie,Toruń,0463,0.00,0.05,64.23,2024-02-10,19.86,0.09,0.09,0.09,0.08,0.06,0.05,0.06,0.04,0.04,0.04,0.05,0.06,0.06,0.06,0.05
2024-02-17,kujawsko-pomorskie,Włocławek,0464,0.00,0.01,48.11,2024-02-10,10.86,0.05,0.05,0.05,0.06,0.06,0.05,0.06,0.06,0.06,0.06,0.03,0.03,0.03,0.03,0.01
2024-02-17,lubelskie,Bialski,0601,0.00,0.03,20.57,2024-02-10,11.00,0.09,0.09,0.09,0.09,0.09,0.06,0.10,0.06,0.06,0.06,0.08,0.08,0.09,0.04,0.03
2024-02-17,lubelskie,Biłgorajski,0602,0.00,0.09,21.46,2024-02-10,10.03,0.24,0.26,0.26,0.27,0.24,0.23,0.19,0.14,0.13,0.13,0.09,0.13,0.10,0.10,0.09
2024-02-17,lubelskie,Chełmski,0603,0.00,0.09,17.44,2024-02-10,7.75,0.06,0.06,0.06,0.06,0.11,0.09,0.13,0.13,0.13,0.15,0.15,0.11,0.13,0.11,0.09
2024-02-17,lubelskie,Hrubieszowski,0604,0.00,0.11,26.54,2024-02-10,6.20,0.14,0.16,0.16,0.18,0.18,0.23,0.23,0.21,0.18,0.18,0.16,0.14,0.11,0.09,0.11
2024-02-17,lubelskie,Janowski,0605,0.00,0.13,19.41,2024-02-10,4.51,0.25,0.25,0.25,0.16,0.19,0.13,0.13,0.09,0.09,0.09,0.16,0.09,0.13,0.16,0.13
2024-02-17,lubelskie,Krasnostawski,0606,0.00,0.14,27.88,2024-02-10,6.26,0.09,0.09,0.09,0.09,0.14,0.09,0.09,0.07,0.07,0.11,0.11,0.11,0.11,0.14,0.14
2024-02-17,lubelskie,Kraśnicki,0607,0.00,0.09,26.08,2024-02-10,9.45,0.27,0.27,0.26,0.23,0.18,0.18,0.12,0.03,0.03,0.03,0.03,0.03,0.06,0.06,0.09
2024-02-17,lubelskie,Lubartowski,0608,0.00,0.18,21.50,2024-02-10,8.79,0.24,0.24,0.24,0.16,0.16,0.13,0.08,0.06,0.06,0.06,0.13,0.11,0.18,0.16,0.18
2024-02-17,lubelskie,Lubelski,0609,0.06,0.11,19.75,2024-02-10,15.65,0.22,0.23,0.25,0.23,0.26,0.22,0.21,0.13,0.12,0.11,0.09,0.06,0.07,0.07,0.11
2024-02-17,lubelskie,Łęczyński,0610,0.00,0.10,22.33,2024-02-10,5.72,0.22,0.22,0.22,0.27,0.22,0.22,0.17,0.15,0.15,0.15,0.07,0.10,0.05,0.10,0.10
2024-02-17,lubelskie,Łukowski,0611,0.00,0.07,18.85,2024-02-10,10.62,0.16,0.16,0.15,0.15,0.12,0.05,0.05,0.05,0.07,0.07,0.09,0.12,0.12,0.09,0.07
2024-02-17,lubelskie,Opolski,0612,0.00,0.15,28.56,2024-02-10,5.87,0.34,0.32,0.29,0.24,0.27,0.29,0.24,0.19,0.19,0.22,0.24,0.19,0.15,0.17,0.15
2024-02-17,lubelskie,Parczewski,0613,0.00,0.08,27.07,2024-02-10,3.44,0.25,0.25,0.25,0.25,0.25,0.12,0.12,0.04,0.04,0.04,0.04,0.12,0.12,0.12,0.08
2024-02-17,lubelskie,Puławski,0614,0.00,0.13,35.52,2024-02-10,11.24,0.26,0.26,0.25,0.23,0.23,0.22,0.20,0.17,0.17,0.18,0.19,0.12,0.10,0.12,0.13
2024-02-17,lubelskie,Radzyński,0615,0.00,0.00,19.18,2024-02-10,5.83,0.07,0.07,0.07,0.00,0.02,0.02,0.05,0.05,0.05,0.05,0.05,0.02,0.02,0.00,0.00
2024-02-17,lubelskie,Rycki,0616,0.00,0.28,35.08,2024-02-10,5.55,0.49,0.46,0.46,0.23,0.18,0.13,0.08,0.08,0.08,0.08,0.18,0.18,0.21,0.23,0.28
2024-02-17,lubelskie,Świdnicki,0617,0.00,0.12,33.13,2024-02-10,7.14,0.20,0.20,0.20,0.18,0.12,0.10,0.12,0.10,0.10,0.12,0.10,0.12,0.12,0.14,0.12
2024-02-17,lubelskie,Tomaszowski,0618,0.00,0.05,24.03,2024-02-10,8.19,0.33,0.31,0.28,0.31,0.19,0.21,0.21,0.19,0.19,0.19,0.09,0.05,0.03,0.03,0.05
2024-02-17,lubelskie,Włodawski,0619,0.00,0.15,33.06,2024-02-10,3.80,0.11,0.11,0.11,0.19,0.15,0.15,0.19,0.26,0.26,0.26,0.26,0.26,0.26,0.22,0.15
2024-02-17,lubelskie,Zamojski,0620,0.00,0.11,17.05,2024-02-10,10.54,0.20,0.21,0.20,0.20,0.22,0.17,0.13,0.17,0.16,0.16,0.15,0.16,0.13,0.13,0.11
2024-02-17,lubelskie,Biała Podlaska,0661,0.00,0.02,43.50,2024-02-10,5.69,0.10,0.10,0.10,0.07,0.10,0.07,0.02,0.07,0.07,0.07,0.10,0.07,0.07,0.07,0.02
2024-02-17,lubelskie,Chełm,0662,0.00,0.00,44.64,2024-02-10,6.11,0.02,0.02,0.02,0.00,0.00,0.00,0.00,0.00,0.00,0.00,0.00,0.00,0.00,0.00,0.00
2024-02-17,lubelskie,Lublin,0663,0.00,0.14,53.72,2024-02-10,33.86,0.18,0.19,0.17,0.16,0.14,0.11,0.11,0.12,0.13,0.16,0.16,0.17,0.16,0.15,0.14
2024-02-17,lubelskie,Zamość,0664,0.00,0.16,53.26,2024-02-10,6.28,0.27,0.27,0.27,0.27,0.27,0.16,0.14,0.11,0.11,0.11,0.16,0.18,0.14,0.16,0.16
2024-02-17,lubuskie,Gorzowski,0801,0.00,0.20,19.14,2024-02-10,7.23,0.28,0.28,0.28,0.34,0.32,0.32,0.32,0.30,0.30,0.30,0.24,0.26,0.24,0.16,0.20
2024-02-17,lubuskie,Krośnieński,0802,0.00,0.03,35.85,2024-02-10,5.46,0.08,0.08,0.08,0.05,0.05,0.05,0.03,0.00,0.00,0.00,0.00,0.00,0.03,0.03,0.03
2024-02-17,lubuskie,Międzyrzecki,0803,0.00,0.00,43.09,2024-02-10,5.71,0.05,0.05,0.05,0.05,0.00,0.00,0.00,0.00,0.00,0.00,0.00,0.00,0.00,0.00,0.00
2024-02-17,lubuskie,Nowosolski,0804,0.00,0.03,46.07,2024-02-10,8.57,0.05,0.05,0.05,0.07,0.05,0.05,0.05,0.02,0.02,0.02,0.00,0.00,0.00,0.00,0.03
2024-02-17,lubuskie,Słubicki,0805,0.00,0.00,35.83,2024-02-10,4.69,0.03,0.03,0.03,0.03,0.03,0.03,0.00,0.00,0.00,0.00,0.00,0.00,0.00,0.00,0.00
2024-02-17,lubuskie,Strzelecko-Drezdenecki,0806,0.00,0.06,37.90,2024-02-10,4.86,0.20,0.20,0.20,0.23,0.32,0.26,0.29,0.29,0.29,0.29,0.29,0.20,0.17,0.06,0.06
2024-02-17,lubuskie,Sulęciński,0807,0.00,0.00,40.44,2024-02-10,3.50,0.00,0.00,0.00,0.00,0.00,0.00,0.04,0.04,0.04,0.04,0.04,0.04,0.04,0.00,0.00
2024-02-17,lubuskie,Świebodziński,0808,0.00,0.03,37.18,2024-02-10,5.55,0.05,0.05,0.05,0.08,0.08,0.08,0.05,0.05,0.05,0.05,0.05,0.03,0.03,0.03,0.03
2024-02-17,lubuskie,Zielonogórski,0809,0.00,0.00,37.25,2024-02-10,7.57,0.02,0.02,0.02,0.09,0.11,0.11,0.11,0.17,0.17,0.17,0.09,0.08,0.06,0.06,0.00
2024-02-17,lubuskie,Żagański,0810,0.00,0.00,42.13,2024-02-10,7.81,0.02,0.02,0.02,0.02,0.02,0.02,0.02,0.00,0.00,0.00,0.00,0.00,0.00,0.00,0.00
2024-02-17,lubuskie,Żarski,0811,0.00,0.03,42.62,2024-02-10,9.54,0.03,0.03,0.03,0.04,0.03,0.06,0.12,0.12,0.12,0.12,0.10,0.12,0.09,0.03,0.03
2024-02-17,lubuskie,Wschowski,0812,0.00,0.07,28.59,2024-02-10,3.86,0.04,0.04,0.04,0.04,0.04,0.04,0.00,0.00,0.00,0.00,0.04,0.04,0.04,0.04,0.07
2024-02-17,lubuskie,Gorzów Wielkopolski,0861,0.00,0.13,58.87,2024-02-10,12.26,0.15,0.15,0.15,0.15,0.21,0.22,0.24,0.23,0.23,0.23,0.24,0.20,0.18,0.13,0.13
2024-02-17,lubuskie,Zielona Góra,0862,0.00,0.01,54.67,2024-02-10,14.09,0.13,0.13,0.13,0.12,0.10,0.06,0.04,0.03,0.03,0.03,0.01,0.01,0.01,0.01,0.01
2024-02-17,łódzkie,Bełchatowski,1001,0.09,0.03,28.40,2024-02-10,11.24,0.04,0.04,0.04,0.04,0.01,0.01,0.01,0.01,0.01,0.01,0.01,0.00,0.00,0.03,0.03
2024-02-17,łódzkie,Kutnowski,1002,0.00,0.00,40.17,2024-02-10,9.55,0.04,0.04,0.04,0.01,0.01,0.01,0.01,0.00,0.00,0.00,0.00,0.00,0.00,0.00,0.00
2024-02-17,łódzkie,Łaski,1003,0.00,0.00,26.82,2024-02-10,4.97,0.06,0.06,0.06,0.06,0.03,0.00,0.00,0.00,0.00,0.00,0.00,0.00,0.00,0.00,0.00
2024-02-17,łódzkie,Łęczycki,1004,0.00,0.00,37.38,2024-02-10,4.93,0.11,0.11,0.11,0.11,0.09,0.09,0.06,0.03,0.03,0.03,0.03,0.00,0.00,0.00,0.00
2024-02-17,łódzkie,Łowicki,1005,0.00,0.07,35.49,2024-02-10,7.76,0.17,0.17,0.17,0.11,0.15,0.11,0.07,0.07,0.07,0.07,0.06,0.06,0.09,0.09,0.07
2024-02-17,łódzkie,Łódzki Wschodni,1006,0.00,0.00,33.58,2024-02-10,7.26,0.06,0.06,0.06,0.06,0.06,0.06,0.02,0.00,0.00,0.00,0.00,0.00,0.00,0.00,0.00
2024-02-17,łódzkie,Opoczyński,1007,0.00,0.02,26.39,2024-02-10,7.55,0.02,0.02,0.02,0.00,0.04,0.06,0.06,0.07,0.07,0.07,0.07,0.06,0.04,0.04,0.02
2024-02-17,łódzkie,Pabianicki,1008,0.00,0.05,48.41,2024-02-10,11.89,0.13,0.13,0.13,0.13,0.11,0.12,0.10,0.08,0.08,0.08,0.07,0.06,0.06,0.06,0.05
2024-02-17,łódzkie,Pajęczański,1009,0.00,0.06,20.89,2024-02-10,5.10,0.03,0.03,0.03,0.00,0.00,0.00,0.00,0.00,0.00,0.00,0.03,0.03,0.06,0.06,0.06
2024-02-17,łódzkie,Piotrkowski,1010,0.00,0.03,19.84,2024-02-10,9.12,0.06,0.06,0.06,0.08,0.06,0.06,0.08,0.05,0.05,0.05,0.03,0.03,0.03,0.05,0.03
2024-02-17,łódzkie,Poddębicki,1011,0.00,0.07,32.74,2024-02-10,4.09,0.00,0.00,0.00,0.07,0.07,0.07,0.07,0.07,0.07,0.07,0.00,0.00,0.00,0.03,0.07
2024-02-17,łódzkie,Radomszczański,1012,0.18,0.04,32.53,2024-02-10,11.17,0.14,0.14,0.14,0.15,0.15,0.15,0.17,0.12,0.12,0.12,0.12,0.10,0.09,0.05,0.04
2024-02-17,łódzkie,Rawski,1013,0.00,0.03,22.50,2024-02-10,4.84,0.06,0.06,0.06,0.06,0.09,0.09,0.12,0.09,0.09,0.09,0.06,0.03,0.06,0.03,0.03
2024-02-17,łódzkie,Sieradzki,1014,0.00,0.00,31.74,2024-02-10,11.69,0.05,0.05,0.06,0.08,0.05,0.08,0.06,0.06,0.06,0.05,0.04,0.04,0.01,0.01,0.00
2024-02-17,łódzkie,Skierniewicki,1015,0.00,0.11,14.76,2024-02-10,3.82,0.11,0.11,0.11,0.07,0.04,0.07,0.07,0.07,0.07,0.07,0.11,0.15,0.11,0.11,0.11
2024-02-17,łódzkie,Tomaszowski,1016,0.00,0.06,32.35,2024-02-10,11.57,0.06,0.05,0.05,0.03,0.07,0.10,0.10,0.10,0.10,0.10,0.11,0.06,0.05,0.05,0.06
2024-02-17,łódzkie,Wieluński,1017,0.00,0.00,36.74,2024-02-10,7.57,0.02,0.02,0.02,0.00,0.00,0.00,0.00,0.00,0.00,0.00,0.00,0.00,0.00,0.00,0.00
2024-02-17,łódzkie,Wieruszowski,1018,0.00,0.03,31.56,2024-02-10,4.20,0.10,0.10,0.10,0.03,0.00,0.03,0.03,0.03,0.03,0.03,0.03,0.07,0.03,0.03,0.03
2024-02-17,łódzkie,Zduńskowolski,1019,0.00,0.02,33.97,2024-02-10,6.61,0.09,0.09,0.09,0.04,0.13,0.24,0.26,0.26,0.26,0.26,0.26,0.19,0.09,0.06,0.02
2024-02-17,łódzkie,Zgierski,1020,0.00,0.01,39.14,2024-02-10,16.59,0.03,0.03,0.03,0.04,0.05,0.04,0.04,0.04,0.04,0.04,0.02,0.01,0.01,0.02,0.01
2024-02-17,łódzkie,Brzeziński,1021,0.00,0.00,34.05,2024-02-10,3.06,0.00,0.00,0.00,0.00,0.00,0.00,0.00,0.00,0.00,0.00,0.00,0.00,0.00,0.00,0.00
2024-02-17,łódzkie,Łódź,1061,0.01,0.03,60.73,2024-02-10,67.22,0.06,0.06,0.06,0.06,0.05,0.05,0.04,0.04,0.04,0.04,0.03,0.04,0.04,0.03,0.03
2024-02-17,łódzkie,Piotrków Trybunalski,1062,0.00,0.10,54.68,2024-02-10,7.23,0.08,0.08,0.08,0.10,0.08,0.08,0.08,0.02,0.02,0.02,0.02,0.02,0.02,0.08,0.10
2024-02-17,łódzkie,Skierniewice,1063,0.00,0.06,58.76,2024-02-10,4.77,0.15,0.15,0.15,0.15,0.12,0.09,0.03,0.00,0.00,0.00,0.06,0.06,0.06,0.06,0.06
2024-02-17,małopolskie,Bocheński,1201,0.00,0.07,30.20,2024-02-10,10.69,0.08,0.08,0.08,0.05,0.09,0.08,0.07,0.05,0.05,0.05,0.11,0.07,0.08,0.07,0.07
2024-02-17,małopolskie,Brzeski,1202,0.11,0.12,24.05,2024-02-10,9.30,0.09,0.11,0.11,0.14,0.14,0.15,0.15,0.12,0.12,0.12,0.15,0.15,0.14,0.12,0.12
2024-02-17,małopolskie,Chrzanowski,1203,0.00,0.03,40.54,2024-02-10,12.37,0.09,0.09,0.09,0.09,0.10,0.09,0.08,0.06,0.06,0.06,0.03,0.03,0.03,0.03,0.03
2024-02-17,małopolskie,Dąbrowski,1204,0.00,0.00,21.10,2024-02-10,5.90,0.00,0.00,0.00,0.00,0.00,0.00,0.00,0.02,0.02,0.02,0.02,0.02,0.02,0.02,0.00
2024-02-17,małopolskie,Gorlicki,1205,0.00,0.09,24.46,2024-02-10,10.85,0.14,0.14,0.12,0.10,0.09,0.09,0.10,0.10,0.10,0.10,0.12,0.13,0.10,0.09,0.09
2024-02-17,małopolskie,Krakowski,1206,0.00,0.02,26.07,2024-02-10,28.14,0.04,0.04,0.04,0.02,0.02,0.01,0.02,0.01,0.01,0.01,0.01,0.01,0.01,0.01,0.02
2024-02-17,małopolskie,Limanowski,1207,0.00,0.01,19.90,2024-02-10,13.21,0.02,0.02,0.02,0.02,0.01,0.01,0.01,0.00,0.00,0.00,0.00,0.00,0.00,0.01,0.01
2024-02-17,małopolskie,Miechowski,1208,0.00,0.06,33.12,2024-02-10,4.85,0.15,0.15,0.15,0.18,0.21,0.24,0.27,0.27,0.27,0.27,0.15,0.09,0.06,0.03,0.06
2024-02-17,małopolskie,Myślenicki,1209,0.08,0.01,25.53,2024-02-10,12.80,0.06,0.06,0.06,0.05,0.03,0.03,0.01,0.01,0.01,0.01,0.01,0.01,0.02,0.02,0.01
2024-02-17,małopolskie,Nowosądecki,1210,0.00,0.02,17.52,2024-02-10,21.71,0.03,0.03,0.03,0.02,0.02,0.03,0.03,0.03,0.03,0.03,0.03,0.03,0.02,0.02,0.02
2024-02-17,małopolskie,Nowotarski,1211,0.00,0.00,20.10,2024-02-10,19.16,0.02,0.02,0.02,0.01,0.01,0.01,0.01,0.01,0.01,0.01,0.01,0.00,0.00,0.00,0.00
2024-02-17,małopolskie,Olkuski,1212,0.00,0.00,39.03,2024-02-10,11.05,0.06,0.06,0.06,0.08,0.06,0.08,0.10,0.08,0.08,0.08,0.05,0.05,0.03,0.00,0.00
2024-02-17,małopolskie,Oświęcimski,1213,0.00,0.02,38.26,2024-02-10,15.27,0.07,0.07,0.07,0.09,0.07,0.08,0.05,0.05,0.05,0.05,0.02,0.03,0.01,0.01,0.02
2024-02-17,małopolskie,Proszowicki,1214,0.00,0.03,31.63,2024-02-10,4.31,0.10,0.10,0.10,0.07,0.07,0.03,0.03,0.00,0.00,0.00,0.03,0.03,0.03,0.03,0.03
2024-02-17,małopolskie,Suski,1215,0.00,0.07,30.27,2024-02-10,8.38,0.12,0.12,0.10,0.07,0.05,0.07,0.07,0.07,0.07,0.09,0.07,0.07,0.05,0.07,0.07
2024-02-17,małopolskie,Tarnowski,1216,0.00,0.02,14.68,2024-02-10,20.12,0.10,0.10,0.10,0.08,0.07,0.06,0.06,0.06,0.06,0.06,0.06,0.04,0.03,0.04,0.02
2024-02-17,małopolskie,Tatrzański,1217,0.00,0.00,19.78,2024-02-10,6.80,0.00,0.00,0.00,0.02,0.02,0.02,0.02,0.02,0.02,0.02,0.00,0.00,0.00,0.00,0.00
2024-02-17,małopolskie,Wadowicki,1218,0.06,0.09,31.62,2024-02-10,15.97,0.23,0.23,0.23,0.22,0.22,0.23,0.22,0.20,0.20,0.20,0.16,0.13,0.13,0.10,0.09
2024-02-17,małopolskie,Wielicki,1219,0.00,0.02,39.54,2024-02-10,13.07,0.08,0.08,0.08,0.06,0.06,0.07,0.06,0.06,0.06,0.06,0.06,0.04,0.03,0.03,0.02
2024-02-17,małopolskie,Kraków,1261,0.03,0.03,66.54,2024-02-10,78.00,0.06,0.06,0.06,0.06,0.05,0.06,0.06,0.05,0.05,0.05,0.05,0.04,0.03,0.03,0.03
2024-02-17,małopolskie,Nowy Sącz,1262,0.00,0.02,37.40,2024-02-10,8.36,0.02,0.02,0.02,0.03,0.03,0.05,0.07,0.09,0.09,0.09,0.05,0.05,0.05,0.03,0.02
2024-02-17,małopolskie,Tarnów,1263,0.00,0.00,50.06,2024-02-10,10.75,0.04,0.04,0.04,0.06,0.05,0.05,0.03,0.03,0.03,0.03,0.00,0.00,0.00,0.00,0.00
2024-02-17,mazowieckie,Białobrzeski,1401,0.00,0.34,28.82,2024-02-10,3.33,0.26,0.26,0.26,0.34,0.30,0.13,0.13,0.26,0.26,0.26,0.13,0.21,0.26,0.43,0.34
2024-02-17,mazowieckie,Ciechanowski,1402,0.11,0.22,32.70,2024-02-10,8.89,0.08,0.08,0.08,0.10,0.11,0.11,0.10,0.11,0.11,0.11,0.16,0.16,0.18,0.21,0.22
2024-02-17,mazowieckie,Garwoliński,1403,0.00,0.03,26.24,2024-02-10,10.86,0.24,0.24,0.24,0.20,0.14,0.18,0.14,0.14,0.14,0.14,0.10,0.09,0.05,0.04,0.03
2024-02-17,mazowieckie,Gostyniński,1404,0.00,0.13,25.00,2024-02-10,4.46,0.42,0.42,0.42,0.19,0.19,0.19,0.13,0.06,0.06,0.06,0.16,0.13,0.13,0.13,0.13
2024-02-17,mazowieckie,Grodziski,1405,0.00,0.01,45.34,2024-02-10,9.75,0.07,0.07,0.07,0.04,0.04,0.06,0.04,0.03,0.03,0.03,0.03,0.04,0.01,0.01,0.01
2024-02-17,mazowieckie,Grójecki,1406,0.00,0.10,35.28,2024-02-10,9.80,0.06,0.06,0.06,0.04,0.09,0.09,0.09,0.09,0.09,0.09,0.10,0.04,0.04,0.06,0.10
2024-02-17,mazowieckie,Kozienicki,1407,0.00,0.12,30.24,2024-02-10,5.96,0.14,0.14,0.19,0.19,0.24,0.29,0.26,0.33,0.36,0.31,0.31,0.24,0.19,0.19,0.12
2024-02-17,mazowieckie,Legionowski,1408,0.00,0.06,46.44,2024-02-10,11.99,0.06,0.06,0.06,0.05,0.05,0.05,0.05,0.05,0.05,0.05,0.05,0.06,0.07,0.05,0.06
2024-02-17,mazowieckie,Lipski,1409,0.00,0.08,24.75,2024-02-10,3.36,0.13,0.13,0.13,0.09,0.09,0.09,0.09,0.09,0.09,0.09,0.17,0.13,0.13,0.08,0.08
2024-02-17,mazowieckie,Łosicki,1410,0.33,0.14,21.80,2024-02-10,3.06,0.28,0.28,0.28,0.33,0.51,0.47,0.42,0.33,0.33,0.33,0.28,0.09,0.09,0.09,0.14
2024-02-17,mazowieckie,Makowski,1411,0.00,0.16,30.82,2024-02-10,4.44,0.29,0.32,0.22,0.19,0.19,0.06,0.06,0.10,0.03,0.03,0.03,0.13,0.16,0.19,0.16
2024-02-17,mazowieckie,Miński,1412,0.00,0.06,33.02,2024-02-10,15.50,0.08,0.09,0.09,0.09,0.08,0.05,0.04,0.03,0.02,0.03,0.03,0.03,0.05,0.05,0.06
2024-02-17,mazowieckie,Mławski,1413,0.00,0.04,29.91,2024-02-10,7.23,0.14,0.14,0.14,0.14,0.12,0.06,0.04,0.02,0.02,0.04,0.06,0.06,0.06,0.04,0.04
2024-02-17,mazowieckie,Nowodworski,1414,0.00,0.11,41.61,2024-02-10,7.93,0.09,0.09,0.09,0.07,0.07,0.06,0.04,0.09,0.09,0.09,0.09,0.09,0.13,0.15,0.11
2024-02-17,mazowieckie,Ostrołęcki,1415,0.00,0.06,16.95,2024-02-10,8.85,0.03,0.03,0.03,0.02,0.03,0.02,0.02,0.02,0.02,0.02,0.03,0.02,0.06,0.06,0.06
2024-02-17,mazowieckie,Ostrowski,1416,0.00,0.12,24.01,2024-02-10,7.18,0.26,0.24,0.24,0.22,0.16,0.14,0.14,0.10,0.10,0.10,0.10,0.08,0.12,0.10,0.12
2024-02-17,mazowieckie,Otwocki,1417,0.00,0.11,40.63,2024-02-10,12.43,0.29,0.29,0.29,0.29,0.29,0.23,0.14,0.11,0.11,0.11,0.13,0.11,0.11,0.13,0.11
2024-02-17,mazowieckie,Piaseczyński,1418,0.00,0.06,60.52,2024-02-10,19.06,0.06,0.06,0.06,0.06,0.08,0.08,0.08,0.07,0.07,0.07,0.08,0.09,0.08,0.07,0.06
2024-02-17,mazowieckie,Płocki,1419,0.00,0.05,22.40,2024-02-10,11.07,0.15,0.15,0.15,0.09,0.10,0.08,0.06,0.04,0.04,0.04,0.04,0.03,0.04,0.01,0.05
2024-02-17,mazowieckie,Płoński,1420,0.00,0.20,28.41,2024-02-10,8.67,0.02,0.02,0.02,0.02,0.03,0.05,0.05,0.05,0.05,0.05,0.07,0.10,0.08,0.12,0.20
2024-02-17,mazowieckie,Pruszkowski,1421,0.00,0.01,46.01,2024-02-10,16.67,0.02,0.03,0.02,0.01,0.03,0.04,0.04,0.04,0.03,0.03,0.03,0.01,0.00,0.01,0.01
2024-02-17,mazowieckie,Przasnyski,1422,0.00,0.11,28.83,2024-02-10,5.21,0.08,0.05,0.05,0.14,0.11,0.16,0.16,0.16,0.16,0.16,0.14,0.14,0.11,0.11,0.11
2024-02-17,mazowieckie,Przysuski,1423,0.00,0.14,25.45,2024-02-10,4.11,0.07,0.07,0.07,0.07,0.03,0.03,0.03,0.03,0.03,0.03,0.07,0.10,0.14,0.14,0.14
2024-02-17,mazowieckie,Pułtuski,1424,0.00,0.03,29.15,2024-02-10,5.17,0.11,0.11,0.11,0.11,0.08,0.08,0.03,0.00,0.00,0.00,0.03,0.03,0.03,0.03,0.03
2024-02-17,mazowieckie,Radomski,1425,0.00,0.09,15.99,2024-02-10,15.22,0.09,0.08,0.08,0.08,0.05,0.05,0.07,0.07,0.07,0.07,0.07,0.09,0.09,0.08,0.09
2024-02-17,mazowieckie,Siedlecki,1426,0.00,0.14,11.10,2024-02-10,8.14,0.11,0.11,0.11,0.11,0.14,0.18,0.16,0.17,0.17,0.17,0.17,0.14,0.12,0.16,0.14
2024-02-17,mazowieckie,Sierpecki,1427,0.00,0.16,28.19,2024-02-10,5.15,0.08,0.08,0.08,0.08,0.22,0.25,0.25,0.25,0.25,0.25,0.19,0.08,0.08,0.11,0.16
2024-02-17,mazowieckie,Sochaczewski,1428,0.00,0.13,36.89,2024-02-10,8.48,0.10,0.10,0.10,0.07,0.09,0.10,0.12,0.09,0.09,0.09,0.07,0.10,0.10,0.13,0.13
2024-02-17,mazowieckie,Sokołowski,1429,0.00,0.11,29.29,2024-02-10,5.33,0.05,0.05,0.05,0.05,0.08,0.05,0.08,0.05,0.05,0.05,0.08,0.11,0.11,0.11,0.11
2024-02-17,mazowieckie,Szydłowiecki,1430,0.00,0.14,20.26,2024-02-10,3.93,0.00,0.00,0.00,0.00,0.00,0.00,0.00,0.07,0.07,0.07,0.11,0.11,0.11,0.11,0.14
2024-02-17,mazowieckie,Warszawski Zachodni,1432,0.17,0.11,53.13,2024-02-10,12.01,0.08,0.08,0.08,0.10,0.06,0.10,0.08,0.10,0.10,0.10,0.08,0.08,0.06,0.08,0.11
2024-02-17,mazowieckie,Węgrowski,1433,0.00,0.13,23.71,2024-02-10,6.54,0.06,0.06,0.06,0.15,0.17,0.15,0.15,0.19,0.19,0.19,0.13,0.09,0.11,0.13,0.13
2024-02-17,mazowieckie,Wołomiński,1434,0.00,0.04,40.47,2024-02-10,25.24,0.06,0.06,0.06,0.05,0.07,0.05,0.03,0.03,0.03,0.03,0.03,0.03,0.05,0.05,0.04
2024-02-17,mazowieckie,Wyszkowski,1435,0.00,0.10,32.96,2024-02-10,7.42,0.11,0.11,0.11,0.11,0.10,0.08,0.09,0.08,0.08,0.08,0.08,0.15,0.10,0.10,0.10
2024-02-17,mazowieckie,Zwoleński,1436,0.00,0.28,20.18,2024-02-10,3.59,0.16,0.16,0.16,0.16,0.20,0.20,0.16,0.16,0.16,0.16,0.24,0.12,0.20,0.16,0.28
2024-02-17,mazowieckie,Żuromiński,1437,0.00,0.11,26.85,2024-02-10,3.82,0.22,0.22,0.22,0.22,0.19,0.07,0.07,0.11,0.11,0.11,0.11,0.19,0.15,0.15,0.11
2024-02-17,mazowieckie,Żyrardowski,1438,0.13,0.04,34.65,2024-02-10,7.54,0.02,0.02,0.02,0.04,0.04,0.04,0.04,0.04,0.04,0.04,0.02,0.06,0.04,0.04,0.04
2024-02-17,mazowieckie,Ostrołęka,1461,0.00,0.03,48.24,2024-02-10,5.17,0.11,0.11,0.11,0.11,0.08,0.11,0.08,0.05,0.05,0.05,0.05,0.05,0.03,0.03,0.03
2024-02-17,mazowieckie,Płock,1462,0.00,0.02,54.70,2024-02-10,11.83,0.12,0.12,0.12,0.12,0.08,0.11,0.11,0.11,0.11,0.11,0.08,0.07,0.04,0.02,0.02
2024-02-17,mazowieckie,Radom,1463,0.00,0.08,40.09,2024-02-10,20.93,0.08,0.08,0.08,0.10,0.10,0.11,0.12,0.14,0.14,0.14,0.14,0.13,0.09,0.10,0.08
2024-02-17,mazowieckie,Siedlce,1464,0.00,0.35,41.57,2024-02-10,7.78,0.13,0.13,0.13,0.13,0.15,0.18,0.20,0.24,0.24,0.24,0.26,0.29,0.26,0.33,0.35
2024-02-17,mazowieckie,Warszawa,1465,0.01,0.04,74.84,2024-02-10,179.42,0.05,0.05,0.05,0.05,0.06,0.06,0.06,0.06,0.06,0.06,0.05,0.05,0.04,0.04,0.04
2024-02-17,opolskie,Brzeski,1601,0.00,0.00,28.94,2024-02-10,8.93,0.05,0.05,0.05,0.03,0.00,0.00,0.00,0.00,0.00,0.00,0.00,0.00,0.00,0.00,0.00
2024-02-17,opolskie,Głubczycki,1602,0.00,0.06,33.68,2024-02-10,4.50,0.09,0.09,0.09,0.06,0.06,0.06,0.06,0.00,0.00,0.00,0.03,0.03,0.03,0.03,0.06
2024-02-17,opolskie,Kędzierzyńsko-Kozielski,1603,0.00,0.00,33.39,2024-02-10,9.30,0.12,0.12,0.12,0.11,0.11,0.11,0.11,0.02,0.02,0.02,0.00,0.00,0.00,0.00,0.00
2024-02-17,opolskie,Kluczborski,1604,0.00,0.00,35.95,2024-02-10,6.50,0.07,0.07,0.07,0.02,0.02,0.02,0.02,0.00,0.00,0.00,0.00,0.00,0.00,0.00,0.00
2024-02-17,opolskie,Krapkowicki,1605,0.00,0.00,52.30,2024-02-10,6.32,0.07,0.07,0.07,0.09,0.09,0.07,0.07,0.02,0.02,0.02,0.00,0.00,0.00,0.00,0.00
2024-02-17,opolskie,Namysłowski,1606,0.00,0.03,32.76,2024-02-10,4.25,0.03,0.03,0.03,0.07,0.07,0.03,0.03,0.03,0.03,0.03,0.03,0.03,0.03,0.03,0.03
2024-02-17,opolskie,Nyski,1607,0.07,0.03,27.89,2024-02-10,13.49,0.15,0.15,0.15,0.11,0.10,0.05,0.01,0.01,0.01,0.01,0.02,0.01,0.02,0.03,0.03
2024-02-17,opolskie,Oleski,1608,0.00,0.07,27.58,2024-02-10,6.38,0.02,0.02,0.02,0.02,0.02,0.02,0.02,0.00,0.00,0.00,0.04,0.04,0.04,0.07,0.07
2024-02-17,opolskie,Opolski,1609,0.16,0.03,24.23,2024-02-10,12.35,0.02,0.02,0.02,0.03,0.03,0.03,0.02,0.01,0.01,0.01,0.03,0.03,0.03,0.03,0.03
2024-02-17,opolskie,Prudnicki,1610,0.00,0.00,27.80,2024-02-10,5.48,0.08,0.08,0.08,0.03,0.00,0.00,0.00,0.00,0.00,0.00,0.00,0.00,0.00,0.00,0.00
2024-02-17,opolskie,Strzelecki,1611,0.00,0.06,31.98,2024-02-10,7.39,0.06,0.06,0.06,0.06,0.10,0.11,0.13,0.13,0.13,0.13,0.13,0.09,0.08,0.06,0.06
2024-02-17,opolskie,Opole,1661,0.23,0.09,60.49,2024-02-10,12.78,0.13,0.13,0.13,0.11,0.15,0.17,0.16,0.13,0.13,0.13,0.16,0.10,0.08,0.09,0.09
2024-02-17,podkarpackie,Bieszczadzki,1801,0.00,0.00,20.31,2024-02-10,2.15,0.46,0.46,0.46,0.27,0.27,0.13,0.13,0.00,0.00,0.00,0.00,0.00,0.00,0.00,0.00
2024-02-17,podkarpackie,Brzozowski,1802,0.00,0.00,17.45,2024-02-10,6.54,0.02,0.02,0.02,0.02,0.00,0.00,0.00,0.04,0.04,0.04,0.04,0.04,0.04,0.04,0.00
2024-02-17,podkarpackie,Dębicki,1803,0.00,0.06,15.12,2024-02-10,13.50,0.22,0.19,0.19,0.20,0.17,0.19,0.16,0.14,0.14,0.14,0.10,0.11,0.07,0.07,0.06
2024-02-17,podkarpackie,Jarosławski,1804,0.08,0.06,20.83,2024-02-10,11.97,0.20,0.19,0.16,0.13,0.10,0.12,0.10,0.07,0.07,0.07,0.05,0.02,0.00,0.02,0.06
2024-02-17,podkarpackie,Jasielski,1805,0.09,0.06,21.97,2024-02-10,11.29,0.14,0.14,0.14,0.18,0.19,0.19,0.20,0.19,0.19,0.19,0.10,0.10,0.09,0.06,0.06
2024-02-17,podkarpackie,Kolbuszowski,1806,0.00,0.02,9.42,2024-02-10,6.20,0.09,0.07,0.05,0.02,0.05,0.05,0.05,0.09,0.09,0.09,0.09,0.07,0.09,0.09,0.02
2024-02-17,podkarpackie,Krośnieński,1807,0.00,0.06,14.87,2024-02-10,11.19,0.17,0.17,0.17,0.18,0.19,0.21,0.18,0.15,0.15,0.15,0.13,0.10,0.09,0.08,0.06
2024-02-17,podkarpackie,Leżajski,1808,0.00,0.08,20.49,2024-02-10,6.90,0.35,0.35,0.35,0.43,0.39,0.33,0.27,0.25,0.25,0.27,0.16,0.10,0.10,0.10,0.08
2024-02-17,podkarpackie,Lubaczowski,1809,0.00,0.05,23.58,2024-02-10,5.47,0.18,0.16,0.16,0.10,0.05,0.08,0.08,0.10,0.10,0.10,0.15,0.13,0.10,0.10,0.05
2024-02-17,podkarpackie,Łańcucki,1810,0.00,0.02,19.68,2024-02-10,8.12,0.03,0.03,0.03,0.05,0.07,0.07,0.05,0.05,0.05,0.05,0.04,0.02,0.02,0.02,0.02
2024-02-17,podkarpackie,Mielecki,1811,0.00,0.01,18.19,2024-02-10,13.64,0.16,0.16,0.16,0.16,0.12,0.15,0.16,0.05,0.05,0.05,0.04,0.03,0.01,0.00,0.01
2024-02-17,podkarpackie,Niżański,1812,0.00,0.04,15.30,2024-02-10,6.62,0.09,0.09,0.09,0.11,0.13,0.15,0.13,0.17,0.17,0.17,0.13,0.09,0.09,0.09,0.04
2024-02-17,podkarpackie,Przemyski,1813,0.00,0.04,9.03,2024-02-10,7.39,0.10,0.10,0.10,0.04,0.06,0.08,0.08,0.04,0.04,0.04,0.04,0.02,0.00,0.02,0.04
2024-02-17,podkarpackie,Przeworski,1814,0.00,0.02,14.79,2024-02-10,7.80,0.15,0.15,0.15,0.11,0.11,0.07,0.07,0.09,0.09,0.09,0.07,0.04,0.04,0.04,0.02
2024-02-17,podkarpackie,Ropczycko-Sędziszowski,1815,0.00,0.06,15.43,2024-02-10,7.46,0.34,0.34,0.34,0.29,0.27,0.23,0.15,0.11,0.11,0.11,0.13,0.10,0.08,0.04,0.06
2024-02-17,podkarpackie,Rzeszowski,1816,0.00,0.01,10.66,2024-02-10,17.06,0.14,0.14,0.14,0.13,0.11,0.08,0.06,0.03,0.03,0.03,0.02,0.02,0.02,0.01,0.01
2024-02-17,podkarpackie,Sanocki,1817,0.00,0.02,20.10,2024-02-10,9.38,0.15,0.15,0.17,0.18,0.15,0.15,0.12,0.14,0.14,0.12,0.08,0.08,0.06,0.03,0.02
2024-02-17,podkarpackie,Stalowowolski,1818,0.00,0.09,23.71,2024-02-10,10.54,0.12,0.12,0.12,0.09,0.15,0.13,0.13,0.11,0.11,0.11,0.11,0.07,0.08,0.07,0.09
2024-02-17,podkarpackie,Strzyżowski,1819,0.16,0.12,16.86,2024-02-10,6.12,0.09,0.09,0.09,0.12,0.09,0.09,0.07,0.02,0.05,0.05,0.05,0.05,0.05,0.05,0.12
2024-02-17,podkarpackie,Tarnobrzeski,1820,0.00,0.03,14.10,2024-02-10,5.27,0.03,0.03,0.03,0.03,0.03,0.03,0.03,0.03,0.03,0.03,0.03,0.03,0.03,0.03,0.03
2024-02-17,podkarpackie,Leski,1821,0.00,0.00,18.20,2024-02-10,2.64,0.22,0.22,0.22,0.11,0.11,0.05,0.00,0.00,0.00,0.00,0.00,0.00,0.00,0.00,0.00
2024-02-17,podkarpackie,Krosno,1861,0.00,0.09,42.97,2024-02-10,4.59,0.40,0.40,0.40,0.34,0.25,0.19,0.19,0.06,0.06,0.06,0.12,0.12,0.06,0.06,0.09
2024-02-17,podkarpackie,Przemyśl,1862,0.00,0.05,43.26,2024-02-10,5.98,0.05,0.05,0.05,0.02,0.02,0.02,0.07,0.07,0.07,0.07,0.10,0.10,0.12,0.07,0.05
2024-02-17,podkarpackie,Rzeszów,1863,0.00,0.01,66.04,2024-02-10,19.66,0.04,0.04,0.04,0.06,0.05,0.04,0.03,0.03,0.03,0.03,0.01,0.01,0.01,0.01,0.01
2024-02-17,podkarpackie,Tarnobrzeg,1864,0.00,0.00,45.55,2024-02-10,4.64,0.15,0.15,0.15,0.06,0.03,0.03,0.03,0.06,0.06,0.06,0.06,0.03,0.03,0.03,0.00
2024-02-17,podlaskie,Augustowski,2001,0.17,0.05,27.44,2024-02-10,5.77,0.17,0.17,0.17,0.15,0.10,0.07,0.02,0.02,0.02,0.02,0.02,0.02,0.02,0.05,0.05
2024-02-17,podlaskie,Białostocki,2002,0.00,0.12,20.09,2024-02-10,15.08,0.11,0.11,0.11,0.10,0.09,0.09,0.09,0.08,0.07,0.07,0.13,0.12,0.13,0.11,0.12
2024-02-17,podlaskie,Bielski,2003,0.00,0.03,26.73,2024-02-10,5.37,0.16,0.16,0.16,0.16,0.18,0.21,0.16,0.24,0.24,0.24,0.18,0.18,0.16,0.13,0.03
2024-02-17,podlaskie,Grajewski,2004,0.00,0.00,19.62,2024-02-10,4.68,0.00,0.00,0.00,0.00,0.00,0.00,0.00,0.00,0.00,0.00,0.00,0.00,0.00,0.00,0.00
2024-02-17,podlaskie,Hajnowski,2005,0.00,0.00,32.07,2024-02-10,4.20,0.34,0.34,0.30,0.20,0.13,0.17,0.17,0.17,0.17,0.17,0.10,0.03,0.00,0.00,0.00
2024-02-17,podlaskie,Kolneński,2006,0.00,0.15,15.58,2024-02-10,3.79,0.08,0.08,0.08,0.00,0.00,0.00,0.00,0.00,0.00,0.00,0.04,0.15,0.15,0.15,0.15
2024-02-17,podlaskie,Łomżyński,2007,0.00,0.06,7.65,2024-02-10,5.08,0.03,0.03,0.03,0.03,0.03,0.03,0.00,0.00,0.00,0.00,0.00,0.03,0.06,0.06,0.06
2024-02-17,podlaskie,Moniecki,2008,0.00,0.11,22.52,2024-02-10,4.01,0.21,0.18,0.18,0.18,0.11,0.07,0.21,0.18,0.18,0.21,0.21,0.21,0.21,0.07,0.11
2024-02-17,podlaskie,Sejneński,2009,0.00,0.14,23.05,2024-02-10,1.97,0.14,0.14,0.14,0.14,0.07,0.07,0.07,0.07,0.14,0.14,0.07,0.07,0.07,0.14,0.14
2024-02-17,podlaskie,Siemiatycki,2010,0.00,0.03,22.10,2024-02-10,4.36,0.07,0.07,0.07,0.13,0.10,0.10,0.10,0.10,0.10,0.10,0.07,0.07,0.03,0.03,0.03
2024-02-17,podlaskie,Sokólski,2011,0.00,0.04,26.35,2024-02-10,6.59,0.02,0.02,0.02,0.02,0.02,0.00,0.00,0.00,0.00,0.00,0.00,0.02,0.02,0.04,0.04
2024-02-17,podlaskie,Suwalski,2012,0.00,0.00,10.07,2024-02-10,3.56,0.04,0.04,0.04,0.08,0.16,0.16,0.12,0.12,0.12,0.12,0.08,0.00,0.00,0.00,0.00
2024-02-17,podlaskie,Wysokomazowiecki,2013,0.00,0.03,25.99,2024-02-10,5.64,0.15,0.15,0.15,0.10,0.05,0.03,0.00,0.03,0.03,0.03,0.03,0.03,0.03,0.03,0.03
2024-02-17,podlaskie,Zambrowski,2014,0.00,0.03,23.86,2024-02-10,4.32,0.03,0.03,0.03,0.03,0.03,0.07,0.03,0.03,0.03,0.03,0.03,0.03,0.00,0.03,0.03
2024-02-17,podlaskie,Białystok,2061,0.00,0.17,52.83,2024-02-10,29.70,0.25,0.24,0.23,0.18,0.21,0.19,0.19,0.17,0.18,0.18,0.21,0.18,0.17,0.16,0.17
2024-02-17,podlaskie,Łomża,2062,0.00,0.02,41.17,2024-02-10,6.26,0.07,0.07,0.07,0.05,0.05,0.02,0.02,0.05,0.05,0.05,0.02,0.02,0.05,0.05,0.02
2024-02-17,podlaskie,Suwałki,2063,0.00,0.02,40.43,2024-02-10,6.96,0.10,0.10,0.10,0.10,0.06,0.04,0.00,0.02,0.02,0.02,0.02,0.02,0.02,0.04,0.02
2024-02-17,pomorskie,Bytowski,2201,0.00,0.04,31.06,2024-02-10,7.91,0.07,0.07,0.07,0.02,0.04,0.04,0.04,0.05,0.05,0.05,0.05,0.04,0.06,0.06,0.04
2024-02-17,pomorskie,Chojnicki,2202,0.00,0.09,39.81,2024-02-10,9.77,0.09,0.09,0.10,0.07,0.07,0.06,0.06,0.04,0.04,0.03,0.01,0.01,0.03,0.04,0.09
2024-02-17,pomorskie,Człuchowski,2203,0.00,0.13,31.21,2024-02-10,5.58,0.00,0.00,0.00,0.00,0.00,0.00,0.00,0.00,0.00,0.00,0.03,0.03,0.13,0.13,0.13
2024-02-17,pomorskie,Gdański,2204,0.00,0.01,36.04,2024-02-10,12.03,0.08,0.08,0.08,0.08,0.07,0.05,0.05,0.01,0.01,0.01,0.00,0.00,0.01,0.01,0.01
2024-02-17,pomorskie,Kartuski,2205,0.07,0.01,26.40,2024-02-10,14.19,0.03,0.03,0.05,0.04,0.04,0.04,0.02,0.02,0.02,0.00,0.00,0.00,0.00,0.00,0.01
2024-02-17,pomorskie,Kościerski,2206,0.00,0.06,34.00,2024-02-10,7.29,0.08,0.08,0.10,0.08,0.08,0.08,0.04,0.04,0.02,0.02,0.02,0.02,0.04,0.04,0.06
2024-02-17,pomorskie,Kwidzyński,2207,0.00,0.00,35.17,2024-02-10,8.30,0.05,0.05,0.05,0.02,0.02,0.00,0.00,0.00,0.00,0.00,0.00,0.00,0.00,0.00,0.00
2024-02-17,pomorskie,Lęborski,2208,0.00,0.09,41.37,2024-02-10,6.61,0.02,0.02,0.00,0.00,0.02,0.02,0.02,0.02,0.02,0.02,0.04,0.06,0.06,0.09,0.09
2024-02-17,pomorskie,Malborski,2209,0.00,0.02,37.32,2024-02-10,6.32,0.02,0.02,0.02,0.00,0.00,0.00,0.00,0.02,0.02,0.02,0.02,0.02,0.05,0.05,0.02
2024-02-17,pomorskie,Nowodworski,2210,0.00,0.00,37.64,2024-02-10,3.54,0.12,0.12,0.12,0.08,0.00,0.00,0.04,0.04,0.04,0.04,0.04,0.04,0.04,0.00,0.00
2024-02-17,pomorskie,Pucki,2211,0.00,0.06,30.18,2024-02-10,8.76,0.05,0.05,0.05,0.03,0.05,0.03,0.03,0.05,0.05,0.05,0.10,0.06,0.06,0.08,0.06
2024-02-17,pomorskie,Słupski,2212,0.00,0.01,24.25,2024-02-10,9.88,0.09,0.09,0.09,0.09,0.07,0.07,0.10,0.04,0.04,0.04,0.04,0.04,0.04,0.01,0.01
2024-02-17,pomorskie,Starogardzki,2213,0.00,0.00,34.13,2024-02-10,12.82,0.00,0.00,0.02,0.02,0.02,0.02,0.02,0.02,0.02,0.00,0.00,0.00,0.00,0.00,0.00
2024-02-17,pomorskie,Tczewski,2214,0.00,0.03,40.55,2024-02-10,11.52,0.04,0.04,0.04,0.06,0.04,0.04,0.04,0.05,0.05,0.05,0.03,0.01,0.01,0.03,0.03
2024-02-17,pomorskie,Wejherowski,2215,0.00,0.04,35.16,2024-02-10,21.95,0.04,0.04,0.04,0.03,0.02,0.02,0.01,0.01,0.01,0.01,0.01,0.01,0.03,0.04,0.04
2024-02-17,pomorskie,Sztumski,2216,0.00,0.00,37.56,2024-02-10,4.11,0.03,0.03,0.03,0.00,0.00,0.00,0.00,0.00,0.00,0.00,0.00,0.00,0.00,0.00,0.00
2024-02-17,pomorskie,Gdańsk,2261,0.00,0.05,68.82,2024-02-10,47.08,0.04,0.04,0.04,0.04,0.03,0.04,0.04,0.04,0.04,0.04,0.05,0.06,0.05,0.04,0.05
2024-02-17,pomorskie,Gdynia,2262,0.00,0.03,62.67,2024-02-10,24.50,0.04,0.03,0.04,0.04,0.06,0.07,0.07,0.06,0.06,0.06,0.06,0.03,0.03,0.03,0.03
2024-02-17,pomorskie,Słupsk,2263,0.00,0.06,62.28,2024-02-10,8.98,0.16,0.16,0.16,0.14,0.13,0.13,0.13,0.02,0.02,0.02,0.00,0.00,0.05,0.06,0.06
2024-02-17,pomorskie,Sopot,2264,0.00,0.00,88.92,2024-02-10,3.53,0.00,0.00,0.00,0.04,0.04,0.04,0.04,0.04,0.04,0.04,0.00,0.00,0.00,0.00,0.00
2024-02-17,śląskie,Będziński,2401,0.00,0.04,40.02,2024-02-10,14.73,0.01,0.01,0.01,0.01,0.01,0.01,0.02,0.02,0.02,0.02,0.04,0.04,0.05,0.04,0.04
2024-02-17,śląskie,Bielski,2402,0.06,0.02,31.25,2024-02-10,16.63,0.09,0.09,0.09,0.05,0.08,0.06,0.09,0.09,0.08,0.08,0.08,0.04,0.03,0.02,0.02
2024-02-17,śląskie,Cieszyński,2403,0.00,0.00,35.24,2024-02-10,17.75,0.02,0.02,0.02,0.02,0.03,0.03,0.04,0.05,0.05,0.05,0.03,0.02,0.02,0.01,0.00
2024-02-17,śląskie,Częstochowski,2404,0.00,0.00,27.35,2024-02-10,13.41,0.01,0.00,0.00,0.01,0.01,0.02,0.02,0.02,0.02,0.02,0.01,0.01,0.00,0.00,0.00
2024-02-17,śląskie,Gliwicki,2405,0.00,0.02,52.74,2024-02-10,11.54,0.05,0.04,0.04,0.01,0.01,0.01,0.01,0.01,0.01,0.01,0.04,0.04,0.04,0.02,0.02
2024-02-17,śląskie,Kłobucki,2406,0.00,0.03,24.93,2024-02-10,8.43,0.07,0.07,0.07,0.05,0.03,0.03,0.07,0.05,0.05,0.05,0.03,0.05,0.07,0.03,0.03
2024-02-17,śląskie,Lubliniecki,2407,0.00,0.06,30.04,2024-02-10,7.61,0.15,0.15,0.15,0.17,0.11,0.11,0.06,0.04,0.04,0.04,0.06,0.06,0.06,0.06,0.06
2024-02-17,śląskie,Mikołowski,2408,0.00,0.00,24.60,2024-02-10,9.92,0.03,0.03,0.03,0.01,0.00,0.00,0.00,0.01,0.01,0.01,0.01,0.01,0.01,0.01,0.00
2024-02-17,śląskie,Myszkowski,2409,0.00,0.08,31.97,2024-02-10,7.05,0.06,0.08,0.08,0.08,0.06,0.06,0.08,0.06,0.04,0.04,0.04,0.06,0.08,0.08,0.08
2024-02-17,śląskie,Pszczyński,2410,0.00,0.04,31.80,2024-02-10,11.18,0.09,0.09,0.05,0.05,0.05,0.03,0.03,0.03,0.03,0.03,0.03,0.03,0.04,0.04,0.04
2024-02-17,śląskie,Raciborski,2411,0.00,0.01,31.05,2024-02-10,10.74,0.09,0.09,0.09,0.08,0.09,0.09,0.08,0.07,0.07,0.07,0.05,0.04,0.03,0.03,0.01
2024-02-17,śląskie,Rybnicki,2412,0.00,0.02,15.50,2024-02-10,7.82,0.00,0.00,0.00,0.00,0.00,0.00,0.00,0.00,0.00,0.00,0.00,0.00,0.00,0.00,0.02
2024-02-17,śląskie,Tarnogórski,2413,0.00,0.06,43.12,2024-02-10,14.08,0.08,0.08,0.08,0.08,0.06,0.06,0.04,0.04,0.04,0.04,0.02,0.02,0.04,0.07,0.06
2024-02-17,śląskie,Bieruńsko-Lędziński,2414,0.00,0.00,28.88,2024-02-10,5.98,0.02,0.02,0.02,0.02,0.02,0.02,0.02,0.00,0.00,0.00,0.00,0.00,0.00,0.00,0.00
2024-02-17,śląskie,Wodzisławski,2415,0.00,0.03,33.91,2024-02-10,15.66,0.15,0.16,0.16,0.16,0.10,0.12,0.08,0.11,0.10,0.10,0.08,0.09,0.08,0.07,0.03
2024-02-17,śląskie,Zawierciański,2416,0.00,0.03,39.58,2024-02-10,11.67,0.15,0.15,0.15,0.11,0.06,0.06,0.05,0.04,0.05,0.05,0.05,0.05,0.04,0.04,0.03
2024-02-17,śląskie,Żywiecki,2417,0.00,0.02,27.87,2024-02-10,15.22,0.05,0.05,0.05,0.04,0.03,0.04,0.05,0.03,0.03,0.03,0.04,0.05,0.03,0.02,0.02
2024-02-17,śląskie,Bielsko-Biała,2461,0.00,0.09,56.99,2024-02-10,16.98,0.10,0.10,0.10,0.08,0.10,0.09,0.07,0.06,0.06,0.07,0.07,0.07,0.07,0.09,0.09
2024-02-17,śląskie,Bytom,2462,0.00,0.03,36.85,2024-02-10,16.33,0.03,0.03,0.03,0.04,0.06,0.05,0.05,0.05,0.05,0.05,0.04,0.03,0.03,0.04,0.03
2024-02-17,śląskie,Chorzów,2463,0.00,0.01,48.49,2024-02-10,10.68,0.03,0.03,0.03,0.03,0.05,0.07,0.08,0.08,0.08,0.08,0.07,0.05,0.03,0.01,0.01
2024-02-17,śląskie,Częstochowa,2464,0.00,0.01,62.60,2024-02-10,21.75,0.05,0.05,0.05,0.03,0.03,0.03,0.03,0.02,0.02,0.02,0.03,0.03,0.02,0.02,0.01
2024-02-17,śląskie,Dąbrowa Górnicza,2465,0.00,0.02,46.98,2024-02-10,11.83,0.06,0.06,0.06,0.05,0.06,0.05,0.06,0.03,0.03,0.03,0.03,0.03,0.02,0.01,0.02
2024-02-17,śląskie,Gliwice,2466,0.00,0.05,52.81,2024-02-10,17.70,0.02,0.02,0.02,0.02,0.04,0.03,0.04,0.04,0.04,0.04,0.07,0.05,0.05,0.05,0.05
2024-02-17,śląskie,Jastrzębie-Zdrój,2467,0.00,0.13,41.68,2024-02-10,8.80,0.10,0.10,0.10,0.15,0.18,0.16,0.18,0.16,0.16,0.16,0.13,0.10,0.13,0.13,0.13
2024-02-17,śląskie,Jaworzno,2468,0.00,0.03,41.06,2024-02-10,9.04,0.28,0.28,0.28,0.20,0.16,0.11,0.11,0.06,0.06,0.06,0.08,0.06,0.05,0.03,0.03
2024-02-17,śląskie,Katowice,2469,0.00,0.05,65.59,2024-02-10,29.06,0.07,0.06,0.06,0.07,0.10,0.09,0.08,0.08,0.08,0.08,0.07,0.05,0.06,0.06,0.05
2024-02-17,śląskie,Mysłowice,2470,0.00,0.04,36.47,2024-02-10,7.46,0.02,0.02,0.02,0.04,0.02,0.04,0.04,0.04,0.04,0.04,0.02,0.04,0.04,0.04,0.04
2024-02-17,śląskie,Piekary Śląskie,2471,0.00,0.00,49.77,2024-02-10,5.47,0.03,0.03,0.03,0.03,0.03,0.03,0.03,0.03,0.03,0.03,0.03,0.00,0.00,0.00,0.00
2024-02-17,śląskie,Ruda Śląska,2472,0.00,0.01,47.28,2024-02-10,13.64,0.07,0.07,0.07,0.06,0.05,0.04,0.03,0.03,0.03,0.03,0.04,0.04,0.04,0.03,0.01
2024-02-17,śląskie,Rybnik,2473,0.00,0.01,35.58,2024-02-10,13.71,0.01,0.01,0.01,0.01,0.01,0.00,0.00,0.05,0.05,0.05,0.05,0.05,0.06,0.06,0.01
2024-02-17,śląskie,Siemianowice Śląskie,2474,0.00,0.09,53.90,2024-02-10,6.63,0.09,0.09,0.09,0.09,0.06,0.06,0.02,0.02,0.02,0.02,0.06,0.06,0.06,0.06,0.09
2024-02-17,śląskie,Sosnowiec,2475,0.00,0.02,55.71,2024-02-10,19.76,0.10,0.10,0.11,0.09,0.10,0.09,0.10,0.09,0.09,0.08,0.06,0.04,0.04,0.02,0.02
2024-02-17,śląskie,Świętochłowice,2476,0.00,0.12,31.96,2024-02-10,4.91,0.12,0.12,0.09,0.06,0.06,0.14,0.12,0.12,0.12,0.09,0.12,0.14,0.06,0.12,0.12
2024-02-17,śląskie,Tychy,2477,0.00,0.03,46.62,2024-02-10,12.69,0.03,0.03,0.03,0.05,0.06,0.06,0.05,0.05,0.05,0.05,0.03,0.02,0.01,0.03,0.03
2024-02-17,śląskie,Zabrze,2478,0.00,0.02,35.34,2024-02-10,17.09,0.01,0.01,0.01,0.03,0.03,0.03,0.03,0.03,0.03,0.03,0.00,0.01,0.01,0.01,0.02
2024-02-17,śląskie,Żory,2479,0.00,0.07,37.65,2024-02-10,6.28,0.14,0.14,0.14,0.14,0.11,0.09,0.09,0.05,0.05,0.05,0.07,0.09,0.09,0.09,0.07
2024-02-17,świętokrzyskie,Buski,2601,0.00,0.04,29.42,2024-02-10,7.11,0.00,0.00,0.00,0.02,0.02,0.02,0.02,0.02,0.02,0.02,0.02,0.02,0.02,0.04,0.04
2024-02-17,świętokrzyskie,Jędrzejowski,2602,0.00,0.00,33.99,2024-02-10,8.49,0.02,0.02,0.02,0.02,0.02,0.02,0.02,0.02,0.02,0.02,0.02,0.00,0.00,0.00,0.00
2024-02-17,świętokrzyskie,Kazimierski,2603,0.00,0.09,28.22,2024-02-10,3.33,0.34,0.30,0.26,0.30,0.30,0.30,0.30,0.21,0.26,0.26,0.17,0.09,0.09,0.09,0.09
2024-02-17,świętokrzyskie,Kielecki,2604,0.00,0.05,20.85,2024-02-10,21.10,0.07,0.07,0.07,0.12,0.11,0.12,0.11,0.10,0.10,0.11,0.05,0.05,0.04,0.04,0.05
2024-02-17,świętokrzyskie,Konecki,2605,0.00,0.09,31.31,2024-02-10,7.91,0.16,0.16,0.16,0.13,0.13,0.13,0.13,0.09,0.09,0.09,0.13,0.11,0.09,0.09,0.09
2024-02-17,świętokrzyskie,Opatowski,2606,0.00,0.14,23.36,2024-02-10,5.15,0.17,0.17,0.17,0.19,0.14,0.03,0.03,0.03,0.03,0.03,0.03,0.05,0.11,0.11,0.14
2024-02-17,świętokrzyskie,Ostrowiecki,2607,0.00,0.04,37.03,2024-02-10,10.77,0.04,0.04,0.04,0.04,0.05,0.04,0.04,0.03,0.03,0.03,0.04,0.04,0.04,0.03,0.04
2024-02-17,świętokrzyskie,Pińczowski,2608,0.00,0.00,29.35,2024-02-10,3.85,0.07,0.07,0.07,0.07,0.11,0.19,0.19,0.15,0.15,0.15,0.15,0.07,0.00,0.00,0.00
2024-02-17,świętokrzyskie,Sandomierski,2609,0.00,0.06,30.01,2024-02-10,7.63,0.33,0.33,0.33,0.37,0.30,0.19,0.15,0.13,0.13,0.13,0.09,0.06,0.06,0.07,0.06
2024-02-17,świętokrzyskie,Skarżyski,2610,0.00,0.12,37.88,2024-02-10,7.32,0.23,0.23,0.23,0.23,0.14,0.12,0.08,0.06,0.06,0.08,0.06,0.04,0.08,0.08,0.12
2024-02-17,świętokrzyskie,Starachowicki,2611,0.00,0.06,31.14,2024-02-10,8.85,0.11,0.11,0.11,0.11,0.09,0.11,0.09,0.06,0.06,0.06,0.06,0.06,0.03,0.03,0.06
2024-02-17,świętokrzyskie,Staszowski,2612,0.00,0.16,22.28,2024-02-10,7.13,0.14,0.14,0.14,0.14,0.12,0.10,0.10,0.08,0.08,0.10,0.12,0.18,0.16,0.16,0.16
2024-02-17,świętokrzyskie,Włoszczowski,2613,0.00,0.10,30.87,2024-02-10,4.47,0.00,0.00,0.00,0.03,0.03,0.06,0.06,0.06,0.06,0.06,0.10,0.10,0.10,0.10,0.10
2024-02-17,świętokrzyskie,Kielce,2661,0.00,0.04,53.96,2024-02-10,19.34,0.08,0.07,0.07,0.06,0.08,0.06,0.06,0.06,0.06,0.06,0.06,0.05,0.05,0.06,0.04
2024-02-17,warmińsko-mazurskie,Bartoszycki,2801,0.00,0.00,37.60,2024-02-10,5.66,0.18,0.18,0.18,0.20,0.15,0.15,0.05,0.05,0.05,0.05,0.03,0.03,0.00,0.00,0.00
2024-02-17,warmińsko-mazurskie,Braniewski,2802,0.00,0.07,32.02,2024-02-10,4.08,0.17,0.17,0.21,0.17,0.10,0.10,0.07,0.10,0.14,0.10,0.10,0.14,0.14,0.14,0.07
2024-02-17,warmińsko-mazurskie,Działdowski,2803,0.00,0.13,36.29,2024-02-10,6.48,0.15,0.15,0.15,0.15,0.24,0.24,0.26,0.26,0.26,0.26,0.26,0.17,0.13,0.11,0.13
2024-02-17,warmińsko-mazurskie,Elbląski,2804,0.00,0.00,26.52,2024-02-10,5.70,0.13,0.13,0.13,0.10,0.10,0.03,0.00,0.00,0.00,0.00,0.00,0.00,0.00,0.00,0.00
2024-02-17,warmińsko-mazurskie,Ełcki,2805,0.00,0.02,34.01,2024-02-10,9.14,0.02,0.02,0.02,0.05,0.05,0.05,0.05,0.03,0.03,0.03,0.00,0.02,0.02,0.02,0.02
2024-02-17,warmińsko-mazurskie,Giżycki,2806,0.00,0.00,40.57,2024-02-10,5.62,0.10,0.10,0.10,0.13,0.10,0.08,0.08,0.08,0.08,0.08,0.03,0.03,0.00,0.00,0.00
2024-02-17,warmińsko-mazurskie,Iławski,2807,0.00,0.12,35.16,2024-02-10,9.26,0.15,0.19,0.19,0.20,0.19,0.17,0.17,0.14,0.11,0.11,0.11,0.08,0.11,0.11,0.12
2024-02-17,warmińsko-mazurskie,Kętrzyński,2808,0.00,0.02,37.90,2024-02-10,6.18,0.00,0.00,0.00,0.02,0.02,0.02,0.02,0.02,0.02,0.02,0.02,0.02,0.02,0.02,0.02
2024-02-17,warmińsko-mazurskie,Lidzbarski,2809,0.00,0.00,30.19,2024-02-10,4.09,0.10,0.10,0.10,0.14,0.14,0.14,0.14,0.07,0.07,0.07,0.03,0.03,0.00,0.00,0.00
2024-02-17,warmińsko-mazurskie,Mrągowski,2810,0.00,0.00,31.93,2024-02-10,4.94,0.20,0.20,0.20,0.14,0.11,0.09,0.03,0.00,0.00,0.00,0.00,0.00,0.00,0.00,0.00
2024-02-17,warmińsko-mazurskie,Nidzicki,2811,0.00,0.18,40.74,2024-02-10,3.26,0.31,0.31,0.31,0.35,0.44,0.35,0.26,0.13,0.13,0.13,0.17,0.09,0.13,0.18,0.18
2024-02-17,warmińsko-mazurskie,Nowomiejski,2812,0.00,0.16,33.62,2024-02-10,4.37,0.23,0.23,0.23,0.13,0.10,0.07,0.10,0.07,0.07,0.07,0.10,0.13,0.16,0.16,0.16
2024-02-17,warmińsko-mazurskie,Olecki,2813,0.00,0.00,29.39,2024-02-10,3.40,0.00,0.00,0.00,0.00,0.00,0.00,0.00,0.00,0.00,0.00,0.00,0.00,0.00,0.00,0.00
2024-02-17,warmińsko-mazurskie,Olsztyński,2814,0.00,0.02,27.51,2024-02-10,12.75,0.00,0.00,0.00,0.01,0.03,0.05,0.05,0.06,0.06,0.06,0.05,0.05,0.03,0.03,0.02
2024-02-17,warmińsko-mazurskie,Ostródzki,2815,0.00,0.06,28.01,2024-02-10,10.35,0.01,0.01,0.01,0.01,0.03,0.03,0.03,0.04,0.04,0.04,0.04,0.04,0.07,0.07,0.06
2024-02-17,warmińsko-mazurskie,Piski,2816,0.00,0.00,28.96,2024-02-10,5.58,0.00,0.00,0.00,0.00,0.00,0.00,0.00,0.00,0.00,0.00,0.00,0.00,0.00,0.00,0.00
2024-02-17,warmińsko-mazurskie,Szczycieński,2817,0.14,0.02,33.55,2024-02-10,6.91,0.10,0.10,0.10,0.10,0.14,0.14,0.16,0.12,0.12,0.12,0.10,0.06,0.06,0.02,0.02
2024-02-17,warmińsko-mazurskie,Gołdapski,2818,0.00,0.05,30.56,2024-02-10,2.65,0.00,0.00,0.00,0.00,0.00,0.00,0.00,0.00,0.00,0.00,0.00,0.05,0.05,0.05,0.05
2024-02-17,warmińsko-mazurskie,Węgorzewski,2819,0.00,0.38,40.18,2024-02-10,2.24,0.13,0.13,0.13,0.19,0.19,0.19,0.19,0.13,0.13,0.19,0.13,0.19,0.38,0.38,0.38
2024-02-17,warmińsko-mazurskie,Elbląg,2861,0.08,0.01,51.12,2024-02-10,11.86,0.08,0.08,0.08,0.09,0.08,0.07,0.04,0.02,0.02,0.02,0.00,0.00,0.00,0.01,0.01
2024-02-17,warmińsko-mazurskie,Olsztyn,2862,0.00,0.02,62.49,2024-02-10,17.12,0.02,0.02,0.02,0.02,0.02,0.03,0.02,0.02,0.02,0.02,0.03,0.03,0.02,0.02,0.02
2024-02-17,wielkopolskie,Chodzieski,3001,0.00,0.00,35.75,2024-02-10,4.68,0.00,0.00,0.00,0.00,0.00,0.00,0.00,0.00,0.00,0.00,0.00,0.00,0.00,0.00,0.00
2024-02-17,wielkopolskie,Czarnkowsko-Trzcianecki,3002,0.00,0.02,38.75,2024-02-10,8.66,0.02,0.02,0.02,0.02,0.02,0.03,0.03,0.03,0.03,0.03,0.03,0.02,0.02,0.02,0.02
2024-02-17,wielkopolskie,Gnieźnieński,3003,0.00,0.02,39.90,2024-02-10,14.51,0.09,0.08,0.08,0.08,0.05,0.05,0.04,0.02,0.02,0.02,0.02,0.02,0.01,0.01,0.02
2024-02-17,wielkopolskie,Gostyński,3004,0.00,0.02,33.30,2024-02-10,7.57,0.13,0.13,0.13,0.09,0.09,0.09,0.09,0.11,0.11,0.11,0.11,0.09,0.04,0.04,0.02
2024-02-17,wielkopolskie,Grodziski,3005,0.00,0.03,25.34,2024-02-10,5.19,0.03,0.05,0.05,0.05,0.05,0.08,0.05,0.11,0.08,0.08,0.11,0.11,0.08,0.08,0.03
2024-02-17,wielkopolskie,Jarociński,3006,0.00,0.06,34.75,2024-02-10,7.14,0.02,0.02,0.02,0.02,0.00,0.00,0.00,0.00,0.00,0.00,0.06,0.06,0.06,0.06,0.06
2024-02-17,wielkopolskie,Kaliski,3007,0.00,0.00,21.04,2024-02-10,8.29,0.00,0.00,0.00,0.00,0.02,0.02,0.02,0.03,0.03,0.03,0.03,0.02,0.02,0.02,0.00
2024-02-17,wielkopolskie,Kępiński,3008,0.00,0.00,25.63,2024-02-10,5.63,0.00,0.00,0.00,0.00,0.00,0.00,0.00,0.00,0.00,0.00,0.00,0.00,0.00,0.00,0.00
2024-02-17,wielkopolskie,Kolski,3009,0.00,0.02,28.08,2024-02-10,8.61,0.02,0.02,0.02,0.02,0.00,0.00,0.00,0.00,0.00,0.00,0.02,0.02,0.02,0.02,0.02
2024-02-17,wielkopolskie,Koniński,3010,0.08,0.04,22.54,2024-02-10,12.99,0.07,0.07,0.07,0.12,0.14,0.12,0.11,0.12,0.12,0.12,0.04,0.03,0.04,0.04,0.04
2024-02-17,wielkopolskie,Kościański,3011,0.00,0.00,37.86,2024-02-10,7.89,0.04,0.04,0.04,0.04,0.04,0.02,0.00,0.02,0.02,0.02,0.02,0.02,0.02,0.02,0.00
2024-02-17,wielkopolskie,Krotoszyński,3012,0.00,0.09,33.10,2024-02-10,7.70,0.19,0.15,0.15,0.19,0.11,0.13,0.11,0.09,0.09,0.09,0.09,0.09,0.07,0.09,0.09
2024-02-17,wielkopolskie,Leszczyński,3013,0.00,0.05,16.09,2024-02-10,5.79,0.00,0.00,0.00,0.00,0.05,0.05,0.05,0.05,0.05,0.05,0.10,0.05,0.05,0.05,0.05
2024-02-17,wielkopolskie,Międzychodzki,3014,0.00,0.00,35.28,2024-02-10,3.66,0.00,0.00,0.00,0.00,0.00,0.00,0.00,0.00,0.00,0.00,0.00,0.00,0.00,0.00,0.00
2024-02-17,wielkopolskie,Nowotomyski,3015,0.00,0.06,35.44,2024-02-10,7.56,0.00,0.00,0.00,0.04,0.07,0.07,0.09,0.13,0.13,0.13,0.09,0.09,0.09,0.09,0.06
2024-02-17,wielkopolskie,Obornicki,3016,0.00,0.19,51.15,2024-02-10,5.98,0.00,0.00,0.00,0.02,0.02,0.05,0.07,0.07,0.07,0.07,0.10,0.17,0.21,0.19,0.19
2024-02-17,wielkopolskie,Ostrowski,3017,0.00,0.00,33.17,2024-02-10,16.14,0.02,0.02,0.02,0.02,0.03,0.03,0.03,0.03,0.03,0.03,0.02,0.00,0.00,0.00,0.00
2024-02-17,wielkopolskie,Ostrzeszowski,3018,0.00,0.00,27.95,2024-02-10,5.53,0.03,0.03,0.03,0.05,0.05,0.05,0.05,0.05,0.05,0.05,0.03,0.03,0.03,0.00,0.00
2024-02-17,wielkopolskie,Pilski,3019,0.00,0.05,38.92,2024-02-10,13.55,0.02,0.02,0.02,0.02,0.03,0.03,0.03,0.03,0.03,0.03,0.02,0.01,0.04,0.04,0.05
2024-02-17,wielkopolskie,Pleszewski,3020,0.00,0.00,37.47,2024-02-10,6.28,0.05,0.05,0.05,0.05,0.05,0.05,0.00,0.00,0.00,0.00,0.00,0.00,0.00,0.00,0.00
2024-02-17,wielkopolskie,Poznański,3021,0.00,0.01,37.85,2024-02-10,40.66,0.05,0.05,0.05,0.04,0.05,0.06,0.06,0.07,0.07,0.07,0.06,0.06,0.03,0.02,0.01
2024-02-17,wielkopolskie,Rawicki,3022,0.00,0.07,41.91,2024-02-10,6.02,0.29,0.29,0.29,0.19,0.24,0.24,0.24,0.29,0.29,0.29,0.29,0.17,0.12,0.10,0.07
2024-02-17,wielkopolskie,Słupecki,3023,0.00,0.02,28.43,2024-02-10,5.90,0.05,0.05,0.05,0.05,0.02,0.02,0.02,0.02,0.02,0.02,0.02,0.05,0.05,0.02,0.02
2024-02-17,wielkopolskie,Szamotulski,3024,0.00,0.03,42.62,2024-02-10,9.17,0.02,0.02,0.02,0.05,0.06,0.06,0.06,0.05,0.05,0.06,0.03,0.03,0.03,0.03,0.03
2024-02-17,wielkopolskie,Średzki,3025,0.00,0.02,39.74,2024-02-10,5.91,0.02,0.02,0.02,0.00,0.00,0.00,0.00,0.00,0.00,0.00,0.00,0.00,0.00,0.02,0.02
2024-02-17,wielkopolskie,Śremski,3026,0.00,0.05,31.18,2024-02-10,6.15,0.14,0.14,0.14,0.09,0.09,0.09,0.07,0.07,0.07,0.07,0.07,0.07,0.09,0.09,0.05
2024-02-17,wielkopolskie,Turecki,3027,0.00,0.05,29.77,2024-02-10,8.36,0.19,0.19,0.19,0.19,0.12,0.12,0.10,0.09,0.09,0.09,0.09,0.09,0.07,0.07,0.05
2024-02-17,wielkopolskie,Wągrowiecki,3028,0.00,0.04,20.31,2024-02-10,7.01,0.12,0.14,0.14,0.12,0.10,0.08,0.06,0.04,0.02,0.02,0.00,0.00,0.00,0.02,0.04
2024-02-17,wielkopolskie,Wolsztyński,3029,0.00,0.07,40.17,2024-02-10,5.74,0.20,0.20,0.20,0.20,0.17,0.12,0.10,0.02,0.02,0.02,0.07,0.05,0.05,0.07,0.07
2024-02-17,wielkopolskie,Wrzesiński,3030,0.13,0.02,37.59,2024-02-10,7.80,0.07,0.07,0.07,0.07,0.07,0.06,0.02,0.02,0.02,0.02,0.02,0.02,0.02,0.02,0.02
2024-02-17,wielkopolskie,Złotowski,3031,0.00,0.00,29.88,2024-02-10,6.92,0.06,0.06,0.06,0.08,0.06,0.08,0.06,0.06,0.06,0.06,0.04,0.02,0.00,0.00,0.00
2024-02-17,wielkopolskie,Kalisz,3061,0.00,0.00,47.10,2024-02-10,9.91,0.00,0.00,0.00,0.00,0.00,0.00,0.00,0.00,0.00,0.00,0.00,0.00,0.00,0.00,0.00
2024-02-17,wielkopolskie,Konin,3062,0.14,0.02,65.89,2024-02-10,7.25,0.04,0.04,0.04,0.04,0.06,0.06,0.06,0.04,0.04,0.04,0.02,0.02,0.02,0.02,0.02
2024-02-17,wielkopolskie,Leszno,3063,0.00,0.02,56.74,2024-02-10,6.29,0.05,0.05,0.05,0.02,0.00,0.00,0.00,0.00,0.00,0.00,0.00,0.00,0.02,0.02,0.02
2024-02-17,wielkopolskie,Poznań,3064,0.04,0.03,106.43,2024-02-10,53.20,0.10,0.10,0.10,0.09,0.06,0.07,0.06,0.05,0.05,0.05,0.03,0.04,0.03,0.03,0.03
2024-02-17,zachodniopomorskie,Białogardzki,3201,0.00,0.00,30.72,2024-02-10,4.73,0.00,0.00,0.00,0.00,0.03,0.06,0.06,0.06,0.06,0.06,0.06,0.03,0.00,0.00,0.00
2024-02-17,zachodniopomorskie,Choszczeński,3202,0.00,0.09,40.15,2024-02-10,4.80,0.06,0.06,0.06,0.06,0.09,0.06,0.03,0.03,0.03,0.03,0.06,0.06,0.06,0.09,0.09
2024-02-17,zachodniopomorskie,Drawski,3203,0.00,0.18,39.84,2024-02-10,5.65,0.20,0.20,0.20,0.40,0.45,0.48,0.50,0.45,0.45,0.45,0.33,0.35,0.30,0.25,0.18
2024-02-17,zachodniopomorskie,Goleniowski,3204,0.00,0.00,36.11,2024-02-10,8.23,0.05,0.05,0.05,0.03,0.03,0.05,0.03,0.03,0.03,0.03,0.03,0.02,0.00,0.00,0.00
2024-02-17,zachodniopomorskie,Gryficki,3205,0.00,0.02,25.29,2024-02-10,5.98,0.02,0.00,0.00,0.02,0.02,0.02,0.02,0.02,0.02,0.02,0.00,0.02,0.02,0.02,0.02
2024-02-17,zachodniopomorskie,Gryfiński,3206,0.00,0.05,32.19,2024-02-10,8.13,0.09,0.09,0.09,0.09,0.07,0.07,0.07,0.12,0.12,0.12,0.11,0.07,0.05,0.11,0.05
2024-02-17,zachodniopomorskie,Kamieński,3207,0.00,0.00,47.65,2024-02-10,4.67,0.06,0.06,0.06,0.06,0.06,0.00,0.03,0.03,0.03,0.03,0.03,0.03,0.03,0.00,0.00
2024-02-17,zachodniopomorskie,Kołobrzeski,3208,0.13,0.13,46.22,2024-02-10,7.93,0.02,0.02,0.02,0.05,0.07,0.07,0.07,0.07,0.07,0.07,0.06,0.04,0.07,0.11,0.13
2024-02-17,zachodniopomorskie,Koszaliński,3209,0.00,0.06,20.75,2024-02-10,6.65,0.09,0.09,0.09,0.06,0.17,0.19,0.21,0.19,0.19,0.19,0.21,0.15,0.13,0.09,0.06
2024-02-17,zachodniopomorskie,Myśliborski,3210,0.15,0.33,28.67,2024-02-10,6.54,0.22,0.22,0.22,0.20,0.24,0.11,0.18,0.20,0.20,0.20,0.28,0.39,0.44,0.35,0.33
2024-02-17,zachodniopomorskie,Policki,3211,0.00,0.04,34.01,2024-02-10,8.16,0.07,0.07,0.07,0.09,0.07,0.07,0.07,0.07,0.07,0.07,0.03,0.03,0.05,0.04,0.04
2024-02-17,zachodniopomorskie,Pyrzycki,3212,0.00,0.00,33.26,2024-02-10,3.92,0.00,0.00,0.00,0.00,0.00,0.00,0.00,0.00,0.00,0.00,0.00,0.00,0.00,0.00,0.00
2024-02-17,zachodniopomorskie,Sławieński,3213,0.00,0.05,34.58,2024-02-10,5.58,0.08,0.08,0.08,0.08,0.05,0.05,0.00,0.00,0.00,0.00,0.00,0.03,0.05,0.05,0.05
2024-02-17,zachodniopomorskie,Stargardzki,3214,0.25,0.04,36.69,2024-02-10,12.01,0.05,0.04,0.04,0.02,0.05,0.05,0.02,0.10,0.10,0.10,0.10,0.10,0.10,0.11,0.04
2024-02-17,zachodniopomorskie,Szczecinecki,3215,0.00,0.07,42.51,2024-02-10,7.73,0.09,0.09,0.09,0.09,0.07,0.11,0.07,0.07,0.07,0.07,0.11,0.13,0.09,0.07,0.07
2024-02-17,zachodniopomorskie,Świdwiński,3216,0.00,0.00,38.37,2024-02-10,4.64,0.06,0.06,0.06,0.06,0.06,0.06,0.06,0.00,0.00,0.00,0.00,0.00,0.00,0.00,0.00
2024-02-17,zachodniopomorskie,Wałecki,3217,0.00,0.08,31.36,2024-02-10,5.27,0.03,0.03,0.03,0.03,0.08,0.08,0.11,0.11,0.11,0.11,0.11,0.11,0.14,0.11,0.08
2024-02-17,zachodniopomorskie,Łobeski,3218,0.00,0.00,63.59,2024-02-10,3.65,0.08,0.08,0.12,0.12,0.08,0.08,0.08,0.08,0.08,0.04,0.00,0.00,0.00,0.00,0.00
2024-02-17,zachodniopomorskie,Koszalin,3261,0.00,0.11,62.50,2024-02-10,10.62,0.23,0.23,0.23,0.21,0.21,0.20,0.19,0.11,0.11,0.11,0.13,0.09,0.13,0.12,0.11
2024-02-17,zachodniopomorskie,Szczecin,3262,0,0.03285714286,61.13470013,2024-02-10,39.83,0.15,0.15,0.15,0.11,0.10,0.07,0.07,0.06,0.06,0.06,0.06,0.06,0.05,0.03,0.03
2024-02-17,zachodniopomorskie,Świnoujście,3263,0,0.03428571429,47.92663866,2024-02-10,4.09,0.00,0.00,0.00,0.03,0.03,0.07,0.07,0.07,0.07,0.07,0.07,0.07,0.03,0.03,0.03
