Date,Voivodeships,Districts,Terytorial Code,14D Total Deaths / 10000,7D AVR Infections / 10000,(% ) Booster Dose,Date - Booster Dose,Population / 10000,t14,t13,t12,t11,t10,t9,t8,t7,t6,t5,t4,t3,t2,t1,t
2024-07-31,Entire Country,Entire Country,0000,0.00,0.07,39.50,2024-07-27,3823.19,0.03,0.03,0.03,0.03,0.03,0.03,0.04,0.05,0.05,0.06,0.06,0.06,0.06,0.07,0.07
2024-07-31,dolnośląskie,Bolesławiecki,0201,0.00,0.21,32.75,2024-07-27,8.98,0.05,0.05,0.05,0.05,0.05,0.05,0.08,0.08,0.16,0.16,0.19,0.19,0.19,0.16,0.21
2024-07-31,dolnośląskie,Dzierżoniowski,0202,0.00,0.04,36.40,2024-07-27,9.99,0.06,0.07,0.09,0.11,0.11,0.11,0.10,0.09,0.07,0.07,0.06,0.06,0.06,0.06,0.04
2024-07-31,dolnośląskie,Głogowski,0203,0.00,0.15,44.52,2024-07-27,8.84,0.00,0.00,0.02,0.02,0.02,0.02,0.03,0.05,0.11,0.11,0.11,0.11,0.11,0.13,0.15
2024-07-31,dolnośląskie,Górowski,0204,0.00,0.04,29.05,2024-07-27,3.46,0.00,0.00,0.00,0.00,0.00,0.00,0.00,0.00,0.00,0.00,0.00,0.00,0.00,0.04,0.04
2024-07-31,dolnośląskie,Jaworski,0205,0.00,0.00,37.10,2024-07-27,4.97,0.00,0.00,0.00,0.00,0.00,0.00,0.00,0.00,0.00,0.00,0.00,0.00,0.00,0.00,0.00
2024-07-31,dolnośląskie,Karkonoski,0206,0.00,0.11,30.11,2024-07-27,6.33,0.05,0.05,0.02,0.02,0.02,0.02,0.02,0.05,0.02,0.05,0.09,0.09,0.09,0.09,0.11
2024-07-31,dolnośląskie,Kamiennogórski,0207,0.00,0.00,37.50,2024-07-27,4.28,0.03,0.03,0.03,0.03,0.03,0.03,0.00,0.00,0.00,0.00,0.00,0.00,0.00,0.00,0.00
2024-07-31,dolnośląskie,Kłodzki,0208,0.00,0.03,36.71,2024-07-27,15.63,0.00,0.00,0.00,0.00,0.00,0.00,0.00,0.00,0.00,0.00,0.00,0.00,0.00,0.03,0.03
2024-07-31,dolnośląskie,Legnicki,0209,0.00,0.05,33.25,2024-07-27,5.51,0.00,0.00,0.00,0.00,0.00,0.00,0.00,0.03,0.03,0.05,0.08,0.08,0.08,0.08,0.05
2024-07-31,dolnośląskie,Lubański,0210,0.00,0.00,32.90,2024-07-27,5.39,0.00,0.00,0.00,0.00,0.00,0.00,0.00,0.00,0.00,0.00,0.00,0.00,0.00,0.00,0.00
2024-07-31,dolnośląskie,Lubiński,0211,0.00,0.15,45.48,2024-07-27,10.59,0.00,0.00,0.03,0.03,0.03,0.03,0.05,0.08,0.11,0.08,0.09,0.09,0.09,0.13,0.15
2024-07-31,dolnośląskie,Lwówecki,0212,0.00,0.00,40.94,2024-07-27,4.56,0.00,0.00,0.00,0.00,0.00,0.00,0.00,0.00,0.00,0.00,0.00,0.00,0.00,0.00,0.00
2024-07-31,dolnośląskie,Milicki,0213,0.00,0.15,36.42,2024-07-27,3.68,0.19,0.08,0.12,0.15,0.15,0.15,0.12,0.12,0.15,0.12,0.15,0.15,0.15,0.19,0.15
2024-07-31,dolnośląskie,Oleśnicki,0214,0.00,0.01,54.04,2024-07-27,10.73,0.00,0.00,0.04,0.04,0.04,0.04,0.04,0.05,0.05,0.01,0.01,0.01,0.01,0.01,0.01
2024-07-31,dolnośląskie,Oławski,0215,0.00,0.04,27.54,2024-07-27,4.36,0.00,0.00,0.00,0.00,0.00,0.00,0.00,0.00,0.00,0.02,0.02,0.02,0.02,0.04,0.04
2024-07-31,dolnośląskie,Polkowicki,0216,0.00,0.00,28.50,2024-07-27,6.30,0.02,0.02,0.00,0.02,0.02,0.02,0.02,0.02,0.02,0.02,0.00,0.00,0.00,0.00,0.00
2024-07-31,dolnośląskie,Strzeliński,0217,0.00,0.07,36.77,2024-07-27,4.32,0.00,0.00,0.00,0.00,0.00,0.00,0.00,0.00,0.03,0.03,0.07,0.07,0.07,0.07,0.07
2024-07-31,dolnośląskie,Średzki,0218,0.00,0.03,25.65,2024-07-27,5.55,0.00,0.03,0.05,0.05,0.05,0.05,0.05,0.05,0.03,0.00,0.00,0.00,0.00,0.03,0.03
2024-07-31,dolnośląskie,Świdnicki,0219,0.00,0.00,37.98,2024-07-27,15.60,0.01,0.02,0.02,0.02,0.02,0.02,0.01,0.04,0.03,0.03,0.03,0.03,0.03,0.03,0.00
2024-07-31,dolnośląskie,Trzebnicki,0220,0.00,0.00,34.13,2024-07-27,8.52,0.00,0.00,0.00,0.00,0.00,0.00,0.00,0.00,0.00,0.00,0.00,0.00,0.00,0.00,0.00
2024-07-31,dolnośląskie,Wałbrzyski,0221,0.00,0.00,25.05,2024-07-27,5.51,0.00,0.00,0.00,0.00,0.00,0.00,0.00,0.00,0.00,0.00,0.00,0.00,0.00,0.00,0.00
2024-07-31,dolnośląskie,Wołowski,0222,0.00,0.03,36.47,2024-07-27,4.66,0.00,0.00,0.00,0.00,0.00,0.00,0.00,0.00,0.00,0.03,0.03,0.03,0.03,0.03,0.03
2024-07-31,dolnośląskie,Wrocławski,0223,0.00,0.04,33.98,2024-07-27,15.63,0.01,0.01,0.02,0.02,0.02,0.02,0.02,0.03,0.03,0.04,0.04,0.04,0.04,0.04,0.04
2024-07-31,dolnośląskie,Ząbkowicki,0224,0.00,0.14,35.43,2024-07-27,6.41,0.02,0.00,0.00,0.02,0.02,0.02,0.02,0.05,0.11,0.14,0.11,0.11,0.11,0.14,0.14
2024-07-31,dolnośląskie,Zgorzelecki,0225,0.00,0.00,36.82,2024-07-27,8.84,0.00,0.00,0.00,0.02,0.02,0.02,0.02,0.02,0.02,0.02,0.00,0.00,0.00,0.00,0.00
2024-07-31,dolnośląskie,Złotoryjski,0226,0.00,0.00,38.52,2024-07-27,4.30,0.00,0.00,0.03,0.03,0.03,0.03,0.03,0.03,0.03,0.00,0.00,0.00,0.00,0.00,0.00
2024-07-31,dolnośląskie,Jelenia Góra,0261,0.00,0.02,57.96,2024-07-27,7.83,0.00,0.00,0.00,0.00,0.00,0.00,0.00,0.00,0.00,0.00,0.00,0.00,0.00,0.02,0.02
2024-07-31,dolnośląskie,Legnica,0262,0.00,0.01,46.11,2024-07-27,9.84,0.00,0.00,0.00,0.00,0.00,0.00,0.00,0.00,0.00,0.00,0.00,0.00,0.00,0.01,0.01
2024-07-31,dolnośląskie,Wrocław,0264,0.00,0.08,73.44,2024-07-27,64.19,0.06,0.05,0.05,0.04,0.04,0.04,0.04,0.03,0.05,0.06,0.06,0.06,0.06,0.08,0.08
2024-07-31,dolnośląskie,Wałbrzych,0265,0.00,0.00,56.45,2024-07-27,11.00,0.00,0.00,0.00,0.01,0.01,0.01,0.01,0.01,0.01,0.01,0.00,0.00,0.00,0.00,0.00
2024-07-31,kujawsko-pomorskie,Aleksandrowski,0401,0.00,0.00,46.40,2024-07-27,5.49,0.00,0.00,0.00,0.00,0.00,0.00,0.00,0.00,0.00,0.00,0.00,0.00,0.00,0.00,0.00
2024-07-31,kujawsko-pomorskie,Brodnicki,0402,0.00,0.22,34.14,2024-07-27,7.90,0.00,0.02,0.02,0.02,0.02,0.02,0.02,0.02,0.00,0.04,0.07,0.07,0.07,0.11,0.22
2024-07-31,kujawsko-pomorskie,Bydgoski,0403,0.00,0.01,29.39,2024-07-27,12.04,0.01,0.01,0.02,0.02,0.02,0.02,0.01,0.04,0.04,0.04,0.04,0.04,0.04,0.04,0.01
2024-07-31,kujawsko-pomorskie,Chełmiński,0404,0.00,0.05,38.19,2024-07-27,5.17,0.00,0.00,0.03,0.03,0.03,0.03,0.05,0.08,0.08,0.08,0.08,0.08,0.08,0.08,0.05
2024-07-31,kujawsko-pomorskie,Golubsko-Dobrzyński,0405,0.00,0.19,25.82,2024-07-27,4.49,0.00,0.00,0.00,0.00,0.00,0.00,0.00,0.00,0.00,0.00,0.00,0.00,0.00,0.10,0.19
2024-07-31,kujawsko-pomorskie,Grudziądzki,0406,0.00,0.43,21.58,2024-07-27,4.03,0.11,0.18,0.29,0.36,0.36,0.36,0.46,0.50,0.43,0.50,0.50,0.50,0.50,0.50,0.43
2024-07-31,kujawsko-pomorskie,Inowrocławski,0407,0.00,0.18,31.82,2024-07-27,15.85,0.05,0.04,0.02,0.03,0.03,0.03,0.04,0.05,0.06,0.13,0.14,0.14,0.14,0.14,0.18
2024-07-31,kujawsko-pomorskie,Lipnowski,0408,0.00,0.06,29.54,2024-07-27,6.55,0.02,0.02,0.02,0.02,0.02,0.02,0.00,0.00,0.00,0.00,0.00,0.00,0.00,0.02,0.06
2024-07-31,kujawsko-pomorskie,Mogileński,0409,0.00,0.03,38.12,2024-07-27,4.55,0.00,0.00,0.00,0.00,0.00,0.00,0.00,0.00,0.00,0.00,0.03,0.03,0.03,0.03,0.03
2024-07-31,kujawsko-pomorskie,Nakielski,0410,0.00,0.17,40.15,2024-07-27,8.61,0.02,0.02,0.02,0.03,0.03,0.03,0.08,0.07,0.08,0.15,0.13,0.13,0.13,0.15,0.17
2024-07-31,kujawsko-pomorskie,Radziejowski,0411,0.00,0.18,33.99,2024-07-27,4.00,0.14,0.14,0.14,0.11,0.11,0.11,0.04,0.04,0.04,0.04,0.07,0.07,0.07,0.07,0.18
2024-07-31,kujawsko-pomorskie,Rypiński,0412,0.23,0.10,34.14,2024-07-27,4.34,0.03,0.07,0.10,0.16,0.16,0.16,0.26,0.30,0.33,0.30,0.23,0.23,0.23,0.10,0.10
2024-07-31,kujawsko-pomorskie,Sępoleński,0413,0.00,0.00,38.15,2024-07-27,4.08,0.00,0.00,0.00,0.00,0.00,0.00,0.03,0.03,0.03,0.03,0.03,0.03,0.03,0.00,0.00
2024-07-31,kujawsko-pomorskie,Świecki,0414,0.00,0.03,36.21,2024-07-27,9.87,0.00,0.00,0.00,0.00,0.00,0.00,0.00,0.00,0.00,0.00,0.00,0.00,0.00,0.01,0.03
2024-07-31,kujawsko-pomorskie,Toruński,0415,0.00,0.01,20.73,2024-07-27,10.96,0.00,0.00,0.03,0.03,0.03,0.03,0.05,0.09,0.10,0.08,0.08,0.08,0.08,0.05,0.01
2024-07-31,kujawsko-pomorskie,Tucholski,0416,0.00,0.00,33.40,2024-07-27,4.83,0.00,0.06,0.09,0.09,0.09,0.09,0.09,0.09,0.03,0.00,0.00,0.00,0.00,0.00,0.00
2024-07-31,kujawsko-pomorskie,Wąbrzeski,0417,0.00,0.08,33.21,2024-07-27,3.40,0.00,0.00,0.00,0.00,0.00,0.00,0.00,0.00,0.04,0.08,0.08,0.08,0.08,0.08,0.08
2024-07-31,kujawsko-pomorskie,Włocławski,0418,0.00,0.38,26.43,2024-07-27,8.56,0.10,0.10,0.10,0.15,0.15,0.15,0.17,0.13,0.18,0.32,0.33,0.33,0.33,0.33,0.38
2024-07-31,kujawsko-pomorskie,Żniński,0419,0.00,0.02,25.08,2024-07-27,6.99,0.00,0.00,0.00,0.00,0.00,0.00,0.02,0.04,0.04,0.06,0.06,0.06,0.06,0.04,0.02
2024-07-31,kujawsko-pomorskie,Bydgoszcz,0461,0.00,0.13,66.71,2024-07-27,34.41,0.03,0.02,0.02,0.03,0.03,0.03,0.03,0.04,0.06,0.08,0.08,0.08,0.08,0.12,0.13
2024-07-31,kujawsko-pomorskie,Grudziądz,0462,0.00,0.40,52.73,2024-07-27,9.36,0.09,0.12,0.15,0.18,0.18,0.18,0.23,0.21,0.29,0.32,0.32,0.32,0.32,0.46,0.40
2024-07-31,kujawsko-pomorskie,Toruń,0463,0.00,0.08,64.54,2024-07-27,19.86,0.03,0.03,0.04,0.03,0.03,0.03,0.03,0.05,0.05,0.08,0.09,0.09,0.09,0.09,0.08
2024-07-31,kujawsko-pomorskie,Włocławek,0464,0.00,0.12,48.29,2024-07-27,10.86,0.00,0.00,0.01,0.01,0.01,0.01,0.01,0.01,0.05,0.06,0.09,0.09,0.09,0.10,0.12
2024-07-31,lubelskie,Bialski,0601,0.00,0.08,20.66,2024-07-27,11.00,0.09,0.05,0.05,0.04,0.04,0.04,0.03,0.06,0.06,0.08,0.10,0.10,0.10,0.13,0.08
2024-07-31,lubelskie,Biłgorajski,0602,0.00,0.11,21.56,2024-07-27,10.03,0.03,0.04,0.06,0.06,0.06,0.06,0.04,0.04,0.06,0.06,0.06,0.06,0.06,0.10,0.11
2024-07-31,lubelskie,Chełmski,0603,0.00,0.04,17.48,2024-07-27,7.75,0.00,0.02,0.02,0.02,0.02,0.02,0.04,0.06,0.04,0.06,0.06,0.06,0.06,0.06,0.04
2024-07-31,lubelskie,Hrubieszowski,0604,0.00,0.05,26.62,2024-07-27,6.20,0.00,0.00,0.00,0.02,0.02,0.02,0.02,0.02,0.05,0.05,0.02,0.02,0.02,0.02,0.05
2024-07-31,lubelskie,Janowski,0605,0.00,0.09,19.48,2024-07-27,4.51,0.00,0.00,0.09,0.09,0.09,0.09,0.16,0.19,0.19,0.13,0.19,0.19,0.19,0.13,0.09
2024-07-31,lubelskie,Krasnostawski,0606,0.00,0.02,28.10,2024-07-27,6.26,0.05,0.02,0.02,0.02,0.02,0.02,0.05,0.05,0.05,0.05,0.05,0.05,0.05,0.02,0.02
2024-07-31,lubelskie,Kraśnicki,0607,0.00,0.11,26.16,2024-07-27,9.45,0.00,0.00,0.02,0.02,0.02,0.02,0.05,0.06,0.09,0.08,0.11,0.11,0.11,0.08,0.11
2024-07-31,lubelskie,Lubartowski,0608,0.00,0.22,21.52,2024-07-27,8.79,0.02,0.03,0.03,0.06,0.06,0.06,0.05,0.06,0.06,0.08,0.06,0.06,0.06,0.13,0.22
2024-07-31,lubelskie,Lubelski,0609,0.00,0.19,19.85,2024-07-27,15.65,0.03,0.03,0.02,0.03,0.03,0.03,0.05,0.06,0.08,0.14,0.15,0.15,0.15,0.20,0.19
2024-07-31,lubelskie,Łęczyński,0610,0.00,0.25,22.39,2024-07-27,5.72,0.22,0.22,0.25,0.27,0.27,0.27,0.32,0.30,0.32,0.25,0.27,0.27,0.27,0.17,0.25
2024-07-31,lubelskie,Łukowski,0611,0.00,0.20,18.90,2024-07-27,10.62,0.00,0.01,0.01,0.01,0.01,0.01,0.05,0.08,0.07,0.08,0.13,0.13,0.13,0.17,0.20
2024-07-31,lubelskie,Opolski,0612,0.00,0.05,28.69,2024-07-27,5.87,0.02,0.02,0.02,0.00,0.00,0.00,0.02,0.10,0.10,0.10,0.10,0.10,0.10,0.12,0.05
2024-07-31,lubelskie,Parczewski,0613,0.00,0.08,27.10,2024-07-27,3.44,0.04,0.08,0.08,0.08,0.08,0.08,0.08,0.04,0.00,0.08,0.08,0.08,0.08,0.08,0.08
2024-07-31,lubelskie,Puławski,0614,0.00,0.25,35.90,2024-07-27,11.24,0.05,0.05,0.04,0.03,0.03,0.03,0.05,0.13,0.19,0.20,0.24,0.24,0.25,0.30,0.25
2024-07-31,lubelskie,Radzyński,0615,0.00,0.02,19.24,2024-07-27,5.83,0.10,0.07,0.07,0.12,0.12,0.12,0.12,0.15,0.15,0.15,0.05,0.05,0.05,0.02,0.02
2024-07-31,lubelskie,Rycki,0616,0.00,0.31,35.19,2024-07-27,5.55,0.18,0.18,0.10,0.10,0.10,0.10,0.15,0.08,0.10,0.13,0.31,0.31,0.31,0.26,0.31
2024-07-31,lubelskie,Świdnicki,0617,0.00,0.14,33.26,2024-07-27,7.14,0.14,0.12,0.08,0.06,0.06,0.06,0.02,0.06,0.06,0.10,0.14,0.14,0.14,0.18,0.14
2024-07-31,lubelskie,Tomaszowski,0618,0.00,0.07,24.10,2024-07-27,8.19,0.05,0.05,0.05,0.05,0.05,0.05,0.12,0.10,0.14,0.14,0.12,0.12,0.12,0.07,0.07
2024-07-31,lubelskie,Włodawski,0619,0.00,0.11,33.29,2024-07-27,3.80,0.00,0.00,0.00,0.00,0.00,0.00,0.00,0.00,0.00,0.00,0.07,0.07,0.07,0.07,0.11
2024-07-31,lubelskie,Zamojski,0620,0.00,0.09,17.12,2024-07-27,10.54,0.04,0.05,0.05,0.04,0.04,0.03,0.04,0.04,0.04,0.08,0.09,0.09,0.09,0.09,0.09
2024-07-31,lubelskie,Biała Podlaska,0661,0.00,0.22,43.97,2024-07-27,5.69,0.17,0.17,0.17,0.17,0.17,0.17,0.12,0.17,0.12,0.17,0.22,0.22,0.22,0.22,0.22
2024-07-31,lubelskie,Chełm,0662,0.00,0.07,44.89,2024-07-27,6.11,0.07,0.05,0.05,0.00,0.00,0.00,0.00,0.00,0.02,0.02,0.05,0.05,0.05,0.07,0.07
2024-07-31,lubelskie,Lublin,0663,0.00,0.21,54.05,2024-07-27,33.86,0.08,0.07,0.06,0.07,0.07,0.07,0.12,0.14,0.17,0.18,0.19,0.19,0.19,0.20,0.21
2024-07-31,lubelskie,Zamość,0664,0.00,0.05,53.50,2024-07-27,6.28,0.07,0.07,0.05,0.02,0.02,0.02,0.00,0.00,0.00,0.00,0.00,0.00,0.00,0.02,0.05
2024-07-31,lubuskie,Gorzowski,0801,0.00,0.04,19.18,2024-07-27,7.23,0.00,0.02,0.02,0.02,0.02,0.02,0.02,0.02,0.00,0.00,0.00,0.00,0.00,0.02,0.04
2024-07-31,lubuskie,Krośnieński,0802,0.00,0.05,35.88,2024-07-27,5.46,0.00,0.00,0.00,0.00,0.00,0.00,0.03,0.03,0.03,0.03,0.03,0.03,0.03,0.03,0.05
2024-07-31,lubuskie,Międzyrzecki,0803,0.00,0.00,43.18,2024-07-27,5.71,0.00,0.00,0.00,0.00,0.00,0.00,0.00,0.00,0.00,0.00,0.00,0.00,0.00,0.00,0.00
2024-07-31,lubuskie,Nowosolski,0804,0.00,0.08,46.18,2024-07-27,8.57,0.03,0.05,0.03,0.03,0.03,0.03,0.05,0.05,0.07,0.08,0.07,0.07,0.07,0.08,0.08
2024-07-31,lubuskie,Słubicki,0805,0.00,0.00,35.83,2024-07-27,4.69,0.00,0.09,0.09,0.09,0.09,0.09,0.09,0.09,0.00,0.00,0.00,0.00,0.00,0.00,0.00
2024-07-31,lubuskie,Strzelecko-Drezdenecki,0806,0.00,0.09,38.10,2024-07-27,4.86,0.03,0.03,0.00,0.00,0.00,0.00,0.03,0.03,0.06,0.06,0.09,0.09,0.09,0.06,0.09
2024-07-31,lubuskie,Sulęciński,0807,0.00,0.00,40.48,2024-07-27,3.50,0.00,0.00,0.00,0.00,0.00,0.00,0.00,0.00,0.00,0.00,0.00,0.00,0.00,0.00,0.00
2024-07-31,lubuskie,Świebodziński,0808,0.00,0.00,37.23,2024-07-27,5.55,0.00,0.00,0.00,0.00,0.00,0.00,0.00,0.00,0.00,0.00,0.00,0.00,0.00,0.00,0.00
2024-07-31,lubuskie,Zielonogórski,0809,0.00,0.04,37.37,2024-07-27,7.57,0.02,0.02,0.02,0.02,0.02,0.02,0.04,0.02,0.02,0.02,0.06,0.06,0.06,0.04,0.04
2024-07-31,lubuskie,Żagański,0810,0.00,0.00,42.22,2024-07-27,7.81,0.00,0.00,0.00,0.00,0.00,0.00,0.00,0.00,0.00,0.00,0.00,0.00,0.00,0.00,0.00
2024-07-31,lubuskie,Żarski,0811,0.00,0.03,42.79,2024-07-27,9.54,0.00,0.00,0.00,0.00,0.00,0.00,0.00,0.00,0.01,0.03,0.03,0.03,0.03,0.03,0.03
2024-07-31,lubuskie,Wschowski,0812,0.00,0.07,28.59,2024-07-27,3.86,0.00,0.00,0.00,0.00,0.00,0.00,0.00,0.00,0.00,0.00,0.04,0.04,0.04,0.04,0.07
2024-07-31,lubuskie,Gorzów Wielkopolski,0861,0.00,0.16,59.00,2024-07-27,12.26,0.06,0.06,0.07,0.05,0.05,0.05,0.02,0.06,0.07,0.09,0.13,0.13,0.13,0.14,0.16
2024-07-31,lubuskie,Zielona Góra,0862,0.00,0.08,54.78,2024-07-27,14.09,0.01,0.01,0.02,0.04,0.04,0.04,0.05,0.07,0.07,0.07,0.07,0.07,0.07,0.10,0.08
2024-07-31,łódzkie,Bełchatowski,1001,0.00,0.01,28.43,2024-07-27,11.24,0.00,0.00,0.00,0.00,0.00,0.00,0.00,0.00,0.00,0.00,0.00,0.00,0.00,0.00,0.01
2024-07-31,łódzkie,Kutnowski,1002,0.00,0.01,40.24,2024-07-27,9.55,0.03,0.03,0.03,0.01,0.01,0.01,0.03,0.03,0.03,0.03,0.03,0.03,0.03,0.01,0.01
2024-07-31,łódzkie,Łaski,1003,0.00,0.03,26.82,2024-07-27,4.97,0.00,0.00,0.00,0.00,0.00,0.00,0.00,0.00,0.00,0.00,0.00,0.00,0.00,0.00,0.03
2024-07-31,łódzkie,Łęczycki,1004,0.00,0.03,37.55,2024-07-27,4.93,0.00,0.00,0.00,0.00,0.00,0.00,0.00,0.00,0.00,0.00,0.00,0.00,0.00,0.03,0.03
2024-07-31,łódzkie,Łowicki,1005,0.00,0.02,35.62,2024-07-27,7.76,0.02,0.04,0.04,0.04,0.04,0.04,0.02,0.02,0.00,0.00,0.00,0.00,0.00,0.02,0.02
2024-07-31,łódzkie,Łódzki Wschodni,1006,0.00,0.00,33.86,2024-07-27,7.26,0.00,0.00,0.00,0.00,0.00,0.00,0.00,0.00,0.00,0.00,0.00,0.00,0.00,0.00,0.00
2024-07-31,łódzkie,Opoczyński,1007,0.00,0.00,26.48,2024-07-27,7.55,0.00,0.00,0.00,0.00,0.00,0.00,0.00,0.00,0.00,0.00,0.00,0.00,0.00,0.00,0.00
2024-07-31,łódzkie,Pabianicki,1008,0.00,0.06,48.58,2024-07-27,11.89,0.01,0.02,0.02,0.02,0.02,0.02,0.03,0.03,0.03,0.03,0.05,0.05,0.05,0.03,0.06
2024-07-31,łódzkie,Pajęczański,1009,0.00,0.00,20.99,2024-07-27,5.10,0.00,0.00,0.00,0.00,0.00,0.00,0.00,0.00,0.00,0.00,0.00,0.00,0.00,0.00,0.00
2024-07-31,łódzkie,Piotrkowski,1010,0.00,0.03,19.90,2024-07-27,9.12,0.00,0.00,0.02,0.03,0.03,0.03,0.03,0.03,0.03,0.03,0.02,0.02,0.02,0.03,0.03
2024-07-31,łódzkie,Poddębicki,1011,0.00,0.00,32.85,2024-07-27,4.09,0.00,0.00,0.00,0.00,0.00,0.00,0.00,0.00,0.00,0.00,0.00,0.00,0.00,0.00,0.00
2024-07-31,łódzkie,Radomszczański,1012,0.00,0.00,32.59,2024-07-27,11.17,0.00,0.00,0.01,0.01,0.01,0.01,0.03,0.04,0.04,0.03,0.03,0.03,0.03,0.01,0.00
2024-07-31,łódzkie,Rawski,1013,0.00,0.00,22.73,2024-07-27,4.84,0.00,0.00,0.00,0.00,0.00,0.00,0.00,0.00,0.00,0.00,0.00,0.00,0.00,0.00,0.00
2024-07-31,łódzkie,Sieradzki,1014,0.00,0.03,31.87,2024-07-27,11.69,0.00,0.00,0.01,0.01,0.01,0.01,0.01,0.01,0.01,0.00,0.00,0.00,0.01,0.03,0.03
2024-07-31,łódzkie,Skierniewicki,1015,0.00,0.15,14.84,2024-07-27,3.82,0.00,0.00,0.00,0.00,0.00,0.00,0.00,0.00,0.00,0.00,0.00,0.00,0.00,0.07,0.15
2024-07-31,łódzkie,Tomaszowski,1016,0.00,0.05,32.56,2024-07-27,11.57,0.01,0.03,0.03,0.03,0.03,0.03,0.03,0.01,0.01,0.01,0.03,0.03,0.03,0.04,0.05
2024-07-31,łódzkie,Wieluński,1017,0.00,0.07,36.78,2024-07-27,7.57,0.02,0.06,0.07,0.07,0.07,0.07,0.06,0.06,0.02,0.04,0.07,0.07,0.07,0.07,0.07
2024-07-31,łódzkie,Wieruszowski,1018,0.00,0.03,31.64,2024-07-27,4.20,0.00,0.00,0.00,0.00,0.00,0.00,0.00,0.00,0.00,0.03,0.03,0.03,0.03,0.03,0.03
2024-07-31,łódzkie,Zduńskowolski,1019,0.00,0.09,34.08,2024-07-27,6.61,0.00,0.00,0.02,0.02,0.02,0.02,0.02,0.02,0.02,0.04,0.09,0.09,0.09,0.09,0.09
2024-07-31,łódzkie,Zgierski,1020,0.00,0.03,39.35,2024-07-27,16.59,0.01,0.01,0.01,0.02,0.02,0.02,0.03,0.03,0.03,0.03,0.02,0.02,0.02,0.01,0.03
2024-07-31,łódzkie,Brzeziński,1021,0.00,0.05,34.09,2024-07-27,3.06,0.00,0.00,0.00,0.00,0.00,0.00,0.00,0.00,0.00,0.00,0.00,0.00,0.00,0.05,0.05
2024-07-31,łódzkie,Łódź,1061,0.00,0.05,61.03,2024-07-27,67.22,0.01,0.02,0.02,0.02,0.02,0.02,0.02,0.02,0.02,0.03,0.03,0.03,0.03,0.04,0.05
2024-07-31,łódzkie,Piotrków Trybunalski,1062,0.00,0.04,55.07,2024-07-27,7.23,0.02,0.02,0.02,0.04,0.04,0.04,0.02,0.04,0.04,0.06,0.04,0.04,0.04,0.06,0.04
2024-07-31,łódzkie,Skierniewice,1063,0.00,0.00,58.94,2024-07-27,4.77,0.03,0.03,0.03,0.03,0.03,0.03,0.00,0.00,0.00,0.00,0.00,0.00,0.00,0.00,0.00
2024-07-31,małopolskie,Bocheński,1201,0.00,0.15,30.28,2024-07-27,10.69,0.11,0.11,0.08,0.08,0.08,0.04,0.08,0.09,0.12,0.13,0.15,0.15,0.15,0.16,0.15
2024-07-31,małopolskie,Brzeski,1202,0.00,0.12,24.12,2024-07-27,9.30,0.05,0.05,0.05,0.03,0.03,0.02,0.02,0.02,0.03,0.05,0.06,0.06,0.06,0.09,0.12
2024-07-31,małopolskie,Chrzanowski,1203,0.00,0.02,40.75,2024-07-27,12.37,0.03,0.03,0.01,0.03,0.03,0.03,0.03,0.05,0.05,0.05,0.02,0.02,0.02,0.02,0.02
2024-07-31,małopolskie,Dąbrowski,1204,0.00,0.00,21.12,2024-07-27,5.90,0.00,0.00,0.00,0.02,0.02,0.02,0.02,0.02,0.02,0.02,0.00,0.00,0.00,0.00,0.00
2024-07-31,małopolskie,Gorlicki,1205,0.00,0.13,24.52,2024-07-27,10.85,0.06,0.05,0.04,0.04,0.04,0.04,0.06,0.06,0.09,0.12,0.12,0.12,0.12,0.10,0.13
2024-07-31,małopolskie,Krakowski,1206,0.00,0.04,26.21,2024-07-27,28.14,0.01,0.01,0.01,0.01,0.01,0.01,0.01,0.01,0.01,0.02,0.03,0.04,0.04,0.04,0.04
2024-07-31,małopolskie,Limanowski,1207,0.00,0.02,19.97,2024-07-27,13.21,0.01,0.01,0.01,0.00,0.00,0.00,0.01,0.02,0.02,0.02,0.02,0.02,0.02,0.02,0.02
2024-07-31,małopolskie,Miechowski,1208,0.00,0.18,33.30,2024-07-27,4.85,0.03,0.03,0.03,0.00,0.00,0.00,0.00,0.00,0.00,0.06,0.06,0.06,0.06,0.12,0.18
2024-07-31,małopolskie,Myślenicki,1209,0.00,0.02,25.60,2024-07-27,12.80,0.02,0.03,0.03,0.02,0.02,0.02,0.01,0.01,0.01,0.02,0.02,0.02,0.02,0.02,0.02
2024-07-31,małopolskie,Nowosądecki,1210,0.00,0.00,17.58,2024-07-27,21.71,0.02,0.01,0.01,0.01,0.01,0.01,0.01,0.02,0.02,0.02,0.01,0.01,0.01,0.01,0.00
2024-07-31,małopolskie,Nowotarski,1211,0.00,0.01,20.14,2024-07-27,19.16,0.00,0.00,0.01,0.01,0.01,0.01,0.01,0.02,0.02,0.01,0.01,0.01,0.01,0.03,0.01
2024-07-31,małopolskie,Olkuski,1212,0.00,0.01,39.14,2024-07-27,11.05,0.00,0.00,0.00,0.00,0.00,0.00,0.00,0.00,0.00,0.00,0.01,0.01,0.01,0.01,0.01
2024-07-31,małopolskie,Oświęcimski,1213,0.00,0.04,38.58,2024-07-27,15.27,0.01,0.01,0.00,0.00,0.00,0.00,0.01,0.03,0.03,0.05,0.07,0.07,0.07,0.06,0.04
2024-07-31,małopolskie,Proszowicki,1214,0.00,0.00,31.63,2024-07-27,4.31,0.00,0.00,0.00,0.00,0.00,0.00,0.00,0.00,0.00,0.00,0.00,0.00,0.00,0.00,0.00
2024-07-31,małopolskie,Suski,1215,0.00,0.12,30.52,2024-07-27,8.38,0.03,0.00,0.10,0.12,0.12,0.12,0.12,0.12,0.19,0.12,0.10,0.10,0.10,0.10,0.12
2024-07-31,małopolskie,Tarnowski,1216,0.00,0.04,14.74,2024-07-27,20.12,0.01,0.01,0.01,0.01,0.01,0.01,0.01,0.02,0.02,0.04,0.04,0.04,0.04,0.04,0.04
2024-07-31,małopolskie,Tatrzański,1217,0.00,0.00,19.89,2024-07-27,6.80,0.00,0.00,0.00,0.00,0.00,0.00,0.00,0.00,0.00,0.00,0.00,0.00,0.00,0.00,0.00
2024-07-31,małopolskie,Wadowicki,1218,0.00,0.13,31.70,2024-07-27,15.97,0.06,0.05,0.06,0.06,0.06,0.06,0.10,0.13,0.15,0.13,0.16,0.16,0.16,0.14,0.13
2024-07-31,małopolskie,Wielicki,1219,0.00,0.03,39.58,2024-07-27,13.07,0.00,0.00,0.00,0.00,0.00,0.00,0.01,0.01,0.03,0.03,0.03,0.03,0.03,0.03,0.03
2024-07-31,małopolskie,Kraków,1261,0.01,0.06,66.85,2024-07-27,78.00,0.04,0.03,0.03,0.04,0.04,0.04,0.06,0.05,0.06,0.06,0.06,0.06,0.06,0.05,0.06
2024-07-31,małopolskie,Nowy Sącz,1262,0.00,0.03,37.62,2024-07-27,8.36,0.05,0.07,0.07,0.03,0.03,0.03,0.02,0.03,0.03,0.03,0.05,0.05,0.05,0.05,0.03
2024-07-31,małopolskie,Tarnów,1263,0.00,0.04,50.27,2024-07-27,10.75,0.01,0.03,0.03,0.03,0.03,0.03,0.03,0.01,0.03,0.03,0.04,0.04,0.04,0.04,0.04
2024-07-31,mazowieckie,Białobrzeski,1401,0.00,0.17,29.10,2024-07-27,3.33,0.43,0.30,0.30,0.17,0.17,0.17,0.17,0.09,0.13,0.13,0.17,0.17,0.17,0.17,0.17
2024-07-31,mazowieckie,Ciechanowski,1402,0.00,0.08,32.79,2024-07-27,8.89,0.06,0.08,0.08,0.05,0.05,0.05,0.05,0.03,0.02,0.02,0.03,0.03,0.03,0.03,0.08
2024-07-31,mazowieckie,Garwoliński,1403,0.00,0.20,26.35,2024-07-27,10.86,0.03,0.03,0.01,0.01,0.01,0.01,0.04,0.04,0.04,0.05,0.09,0.09,0.10,0.17,0.20
2024-07-31,mazowieckie,Gostyniński,1404,0.00,0.06,25.10,2024-07-27,4.46,0.09,0.06,0.06,0.10,0.10,0.10,0.19,0.19,0.19,0.19,0.16,0.16,0.16,0.06,0.06
2024-07-31,mazowieckie,Grodziski,1405,0.00,0.03,45.71,2024-07-27,9.75,0.04,0.04,0.01,0.00,0.00,0.00,0.00,0.00,0.00,0.00,0.00,0.00,0.00,0.00,0.03
2024-07-31,mazowieckie,Grójecki,1406,0.00,0.17,35.39,2024-07-27,9.80,0.03,0.01,0.03,0.03,0.03,0.03,0.04,0.04,0.12,0.13,0.16,0.16,0.16,0.16,0.17
2024-07-31,mazowieckie,Kozienicki,1407,0.00,0.19,30.33,2024-07-27,5.96,0.05,0.05,0.10,0.10,0.10,0.10,0.17,0.19,0.22,0.19,0.26,0.26,0.26,0.22,0.19
2024-07-31,mazowieckie,Legionowski,1408,0.00,0.03,46.71,2024-07-27,11.99,0.01,0.00,0.00,0.00,0.00,0.00,0.01,0.01,0.01,0.01,0.02,0.02,0.02,0.02,0.03
2024-07-31,mazowieckie,Lipski,1409,0.00,0.04,24.86,2024-07-27,3.36,0.04,0.04,0.04,0.00,0.00,0.00,0.00,0.00,0.00,0.04,0.04,0.04,0.04,0.04,0.04
2024-07-31,mazowieckie,Łosicki,1410,0.00,0.14,21.83,2024-07-27,3.06,0.09,0.09,0.09,0.00,0.05,0.05,0.05,0.09,0.09,0.09,0.09,0.05,0.05,0.09,0.14
2024-07-31,mazowieckie,Makowski,1411,0.00,0.19,30.85,2024-07-27,4.44,0.00,0.00,0.00,0.03,0.06,0.06,0.16,0.19,0.19,0.22,0.25,0.22,0.22,0.19,0.19
2024-07-31,mazowieckie,Miński,1412,0.00,0.12,33.26,2024-07-27,15.50,0.06,0.06,0.05,0.04,0.03,0.03,0.01,0.02,0.04,0.04,0.06,0.06,0.06,0.11,0.12
2024-07-31,mazowieckie,Mławski,1413,0.00,0.02,30.11,2024-07-27,7.23,0.12,0.12,0.14,0.14,0.14,0.14,0.16,0.14,0.16,0.12,0.10,0.10,0.10,0.06,0.02
2024-07-31,mazowieckie,Nowodworski,1414,0.00,0.20,41.68,2024-07-27,7.93,0.09,0.11,0.11,0.09,0.09,0.09,0.06,0.09,0.09,0.11,0.13,0.13,0.15,0.18,0.20
2024-07-31,mazowieckie,Ostrołęcki,1415,0.00,0.02,16.99,2024-07-27,8.85,0.03,0.03,0.00,0.00,0.00,0.00,0.02,0.03,0.03,0.03,0.03,0.03,0.03,0.02,0.02
2024-07-31,mazowieckie,Ostrowski,1416,0.00,0.24,24.01,2024-07-27,7.18,0.08,0.06,0.08,0.08,0.08,0.08,0.16,0.20,0.22,0.24,0.28,0.28,0.28,0.22,0.24
2024-07-31,mazowieckie,Otwocki,1417,0.00,0.27,40.87,2024-07-27,12.43,0.11,0.11,0.10,0.09,0.09,0.09,0.15,0.14,0.17,0.18,0.29,0.29,0.29,0.26,0.27
2024-07-31,mazowieckie,Piaseczyński,1418,0.00,0.05,60.91,2024-07-27,19.06,0.03,0.02,0.02,0.00,0.00,0.00,0.00,0.01,0.01,0.04,0.04,0.04,0.04,0.05,0.05
2024-07-31,mazowieckie,Płocki,1419,0.00,0.05,22.41,2024-07-27,11.07,0.01,0.04,0.04,0.04,0.04,0.04,0.04,0.04,0.03,0.03,0.03,0.03,0.03,0.04,0.05
2024-07-31,mazowieckie,Płoński,1420,0.00,0.02,28.46,2024-07-27,8.67,0.03,0.03,0.02,0.02,0.02,0.02,0.00,0.00,0.00,0.00,0.00,0.00,0.00,0.02,0.02
2024-07-31,mazowieckie,Pruszkowski,1421,0.00,0.03,46.14,2024-07-27,16.67,0.05,0.06,0.06,0.04,0.04,0.03,0.03,0.04,0.03,0.04,0.03,0.03,0.03,0.04,0.03
2024-07-31,mazowieckie,Przasnyski,1422,0.00,0.14,29.00,2024-07-27,5.21,0.00,0.00,0.03,0.03,0.03,0.03,0.03,0.05,0.08,0.08,0.08,0.08,0.08,0.08,0.14
2024-07-31,mazowieckie,Przysuski,1423,0.00,0.07,25.52,2024-07-27,4.11,0.07,0.10,0.10,0.10,0.10,0.10,0.07,0.03,0.00,0.00,0.03,0.03,0.03,0.03,0.07
2024-07-31,mazowieckie,Pułtuski,1424,0.00,0.03,29.18,2024-07-27,5.17,0.00,0.00,0.00,0.00,0.00,0.00,0.03,0.03,0.03,0.05,0.05,0.05,0.05,0.03,0.03
2024-07-31,mazowieckie,Radomski,1425,0.00,0.08,16.07,2024-07-27,15.22,0.05,0.03,0.04,0.04,0.04,0.04,0.02,0.04,0.06,0.06,0.07,0.07,0.07,0.08,0.08
2024-07-31,mazowieckie,Siedlecki,1426,0.00,0.28,11.12,2024-07-27,8.14,0.07,0.05,0.05,0.02,0.02,0.03,0.12,0.17,0.26,0.28,0.33,0.33,0.31,0.31,0.28
2024-07-31,mazowieckie,Sierpecki,1427,0.00,0.03,28.33,2024-07-27,5.15,0.00,0.00,0.00,0.00,0.00,0.00,0.00,0.00,0.00,0.00,0.03,0.03,0.03,0.03,0.03
2024-07-31,mazowieckie,Sochaczewski,1428,0.00,0.03,37.16,2024-07-27,8.48,0.03,0.05,0.02,0.02,0.02,0.02,0.02,0.02,0.00,0.00,0.02,0.02,0.02,0.03,0.03
2024-07-31,mazowieckie,Sokołowski,1429,0.00,0.00,29.46,2024-07-27,5.33,0.00,0.00,0.00,0.00,0.00,0.00,0.00,0.00,0.00,0.00,0.00,0.00,0.00,0.00,0.00
2024-07-31,mazowieckie,Szydłowiecki,1430,0.00,0.04,20.38,2024-07-27,3.93,0.00,0.07,0.07,0.07,0.07,0.07,0.11,0.11,0.04,0.04,0.04,0.04,0.04,0.04,0.04
2024-07-31,mazowieckie,Warszawski Zachodni,1432,0.00,0.17,53.39,2024-07-27,12.01,0.09,0.08,0.12,0.08,0.08,0.09,0.09,0.08,0.12,0.11,0.14,0.14,0.13,0.14,0.17
2024-07-31,mazowieckie,Węgrowski,1433,0.00,0.06,23.76,2024-07-27,6.54,0.06,0.02,0.02,0.02,0.02,0.02,0.02,0.02,0.02,0.02,0.02,0.04,0.04,0.06,0.06
2024-07-31,mazowieckie,Wołomiński,1434,0.00,0.10,40.63,2024-07-27,25.24,0.04,0.05,0.03,0.03,0.03,0.03,0.02,0.02,0.02,0.02,0.03,0.03,0.03,0.06,0.10
2024-07-31,mazowieckie,Wyszkowski,1435,0.00,0.42,33.08,2024-07-27,7.42,0.04,0.06,0.11,0.13,0.13,0.13,0.19,0.21,0.25,0.23,0.31,0.31,0.31,0.40,0.42
2024-07-31,mazowieckie,Zwoleński,1436,0.00,0.64,20.30,2024-07-27,3.59,0.00,0.00,0.00,0.04,0.04,0.04,0.04,0.04,0.16,0.20,0.20,0.20,0.20,0.44,0.64
2024-07-31,mazowieckie,Żuromiński,1437,0.00,0.11,26.87,2024-07-27,3.82,0.00,0.00,0.04,0.04,0.04,0.04,0.04,0.04,0.04,0.00,0.04,0.04,0.04,0.04,0.11
2024-07-31,mazowieckie,Żyrardowski,1438,0.00,0.00,34.82,2024-07-27,7.54,0.06,0.07,0.06,0.04,0.04,0.04,0.04,0.02,0.00,0.00,0.00,0.00,0.00,0.00,0.00
2024-07-31,mazowieckie,Ostrołęka,1461,0.00,0.11,48.45,2024-07-27,5.17,0.03,0.03,0.05,0.05,0.05,0.05,0.05,0.11,0.11,0.11,0.11,0.11,0.11,0.11,0.11
2024-07-31,mazowieckie,Płock,1462,0.00,0.06,54.77,2024-07-27,11.83,0.02,0.01,0.02,0.02,0.02,0.02,0.02,0.05,0.06,0.07,0.08,0.08,0.08,0.07,0.06
2024-07-31,mazowieckie,Radom,1463,0.00,0.06,40.31,2024-07-27,20.93,0.03,0.02,0.03,0.02,0.02,0.02,0.03,0.03,0.03,0.06,0.06,0.06,0.06,0.06,0.06
2024-07-31,mazowieckie,Siedlce,1464,0.00,0.37,41.67,2024-07-27,7.78,0.15,0.13,0.11,0.13,0.11,0.11,0.13,0.15,0.24,0.31,0.31,0.31,0.31,0.40,0.37
2024-07-31,mazowieckie,Warszawa,1465,0.00,0.05,75.40,2024-07-27,179.42,0.04,0.04,0.04,0.04,0.04,0.04,0.04,0.05,0.05,0.05,0.04,0.04,0.05,0.05,0.05
2024-07-31,opolskie,Brzeski,1601,0.00,0.05,29.03,2024-07-27,8.93,0.00,0.00,0.00,0.02,0.02,0.02,0.02,0.02,0.02,0.02,0.00,0.00,0.00,0.00,0.05
2024-07-31,opolskie,Głubczycki,1602,0.00,0.00,33.73,2024-07-27,4.50,0.00,0.00,0.00,0.00,0.00,0.00,0.00,0.00,0.00,0.00,0.00,0.00,0.00,0.00,0.00
2024-07-31,opolskie,Kędzierzyńsko-Kozielski,1603,0.00,0.02,33.66,2024-07-27,9.30,0.00,0.00,0.00,0.00,0.00,0.00,0.00,0.00,0.00,0.02,0.02,0.02,0.02,0.02,0.02
2024-07-31,opolskie,Kluczborski,1604,0.00,0.00,36.03,2024-07-27,6.50,0.00,0.00,0.00,0.00,0.00,0.00,0.02,0.02,0.02,0.02,0.02,0.02,0.02,0.00,0.00
2024-07-31,opolskie,Krapkowicki,1605,0.00,0.00,52.35,2024-07-27,6.32,0.00,0.00,0.00,0.00,0.00,0.00,0.00,0.00,0.00,0.00,0.00,0.00,0.00,0.00,0.00
2024-07-31,opolskie,Namysłowski,1606,0.00,0.00,32.82,2024-07-27,4.25,0.00,0.00,0.00,0.00,0.00,0.00,0.00,0.00,0.00,0.00,0.00,0.00,0.00,0.00,0.00
2024-07-31,opolskie,Nyski,1607,0.00,0.08,27.92,2024-07-27,13.49,0.03,0.03,0.02,0.03,0.03,0.03,0.06,0.07,0.06,0.11,0.11,0.11,0.11,0.09,0.08
2024-07-31,opolskie,Oleski,1608,0.00,0.05,27.72,2024-07-27,6.38,0.00,0.00,0.00,0.00,0.00,0.00,0.00,0.00,0.00,0.00,0.02,0.02,0.05,0.05,0.05
2024-07-31,opolskie,Opolski,1609,0.00,0.01,24.31,2024-07-27,12.35,0.01,0.01,0.01,0.01,0.01,0.01,0.00,0.00,0.00,0.01,0.01,0.01,0.01,0.01,0.01
2024-07-31,opolskie,Prudnicki,1610,0.00,0.05,27.80,2024-07-27,5.48,0.00,0.00,0.03,0.05,0.05,0.05,0.08,0.10,0.10,0.08,0.05,0.05,0.05,0.03,0.05
2024-07-31,opolskie,Strzelecki,1611,0.00,0.02,32.10,2024-07-27,7.39,0.02,0.06,0.11,0.13,0.13,0.13,0.11,0.11,0.08,0.02,0.00,0.00,0.00,0.02,0.02
2024-07-31,opolskie,Opole,1661,0.00,0.11,60.67,2024-07-27,12.78,0.05,0.07,0.07,0.05,0.05,0.05,0.06,0.05,0.06,0.08,0.09,0.09,0.09,0.09,0.11
2024-07-31,podkarpackie,Bieszczadzki,1801,0.00,0.00,20.31,2024-07-27,2.15,0.00,0.00,0.00,0.00,0.00,0.00,0.00,0.00,0.00,0.00,0.00,0.00,0.00,0.00,0.00
2024-07-31,podkarpackie,Brzozowski,1802,0.00,0.09,17.47,2024-07-27,6.54,0.00,0.00,0.00,0.02,0.02,0.02,0.02,0.02,0.04,0.04,0.02,0.02,0.02,0.04,0.09
2024-07-31,podkarpackie,Dębicki,1803,0.00,0.02,15.24,2024-07-27,13.50,0.02,0.02,0.02,0.02,0.02,0.02,0.01,0.02,0.02,0.01,0.01,0.01,0.02,0.03,0.02
2024-07-31,podkarpackie,Jarosławski,1804,0.00,0.07,20.90,2024-07-27,11.97,0.00,0.00,0.00,0.01,0.01,0.01,0.01,0.06,0.07,0.09,0.08,0.08,0.08,0.08,0.07
2024-07-31,podkarpackie,Jasielski,1805,0.00,0.03,22.00,2024-07-27,11.29,0.06,0.06,0.08,0.06,0.06,0.06,0.09,0.08,0.08,0.06,0.06,0.06,0.06,0.03,0.03
2024-07-31,podkarpackie,Kolbuszowski,1806,0.00,0.18,9.47,2024-07-27,6.20,0.00,0.00,0.00,0.00,0.00,0.00,0.00,0.00,0.00,0.02,0.05,0.05,0.05,0.14,0.18
2024-07-31,podkarpackie,Krośnieński,1807,0.00,0.09,14.96,2024-07-27,11.19,0.01,0.01,0.01,0.01,0.01,0.01,0.01,0.04,0.06,0.06,0.08,0.08,0.08,0.08,0.09
2024-07-31,podkarpackie,Leżajski,1808,0.00,0.10,20.52,2024-07-27,6.90,0.00,0.00,0.00,0.04,0.04,0.04,0.04,0.04,0.04,0.04,0.02,0.02,0.02,0.06,0.10
2024-07-31,podkarpackie,Lubaczowski,1809,0.00,0.05,23.64,2024-07-27,5.47,0.00,0.03,0.03,0.03,0.03,0.03,0.03,0.03,0.05,0.05,0.05,0.05,0.05,0.05,0.05
2024-07-31,podkarpackie,Łańcucki,1810,0.00,0.02,19.67,2024-07-27,8.12,0.02,0.03,0.05,0.07,0.07,0.07,0.07,0.05,0.03,0.02,0.00,0.00,0.00,0.02,0.02
2024-07-31,podkarpackie,Mielecki,1811,0.00,0.00,18.25,2024-07-27,13.64,0.02,0.02,0.02,0.02,0.02,0.02,0.02,0.00,0.00,0.00,0.00,0.00,0.00,0.00,0.00
2024-07-31,podkarpackie,Niżański,1812,0.00,0.06,15.30,2024-07-27,6.62,0.00,0.00,0.00,0.00,0.00,0.00,0.00,0.00,0.00,0.00,0.00,0.00,0.00,0.02,0.06
2024-07-31,podkarpackie,Przemyski,1813,0.00,0.04,9.03,2024-07-27,7.39,0.02,0.02,0.00,0.02,0.02,0.02,0.04,0.06,0.06,0.08,0.06,0.06,0.06,0.06,0.04
2024-07-31,podkarpackie,Przeworski,1814,0.00,0.06,14.79,2024-07-27,7.80,0.05,0.05,0.05,0.07,0.07,0.07,0.02,0.04,0.04,0.07,0.06,0.06,0.06,0.06,0.06
2024-07-31,podkarpackie,Ropczycko-Sędziszowski,1815,0.00,0.11,15.46,2024-07-27,7.46,0.08,0.10,0.11,0.13,0.13,0.13,0.17,0.11,0.09,0.17,0.15,0.15,0.15,0.11,0.11
2024-07-31,podkarpackie,Rzeszowski,1816,0.00,0.02,10.66,2024-07-27,17.06,0.00,0.00,0.00,0.00,0.00,0.00,0.00,0.01,0.01,0.01,0.01,0.01,0.01,0.03,0.02
2024-07-31,podkarpackie,Sanocki,1817,0.00,0.08,20.17,2024-07-27,9.38,0.03,0.03,0.02,0.02,0.03,0.03,0.02,0.02,0.02,0.05,0.08,0.06,0.06,0.06,0.08
2024-07-31,podkarpackie,Stalowowolski,1818,0.00,0.04,23.81,2024-07-27,10.54,0.04,0.03,0.03,0.05,0.05,0.05,0.05,0.03,0.03,0.04,0.03,0.03,0.03,0.04,0.04
2024-07-31,podkarpackie,Strzyżowski,1819,0.00,0.00,16.87,2024-07-27,6.12,0.00,0.00,0.00,0.00,0.00,0.00,0.00,0.00,0.00,0.00,0.00,0.00,0.00,0.00,0.00
2024-07-31,podkarpackie,Tarnobrzeski,1820,0.00,0.08,14.11,2024-07-27,5.27,0.00,0.03,0.03,0.03,0.03,0.03,0.03,0.03,0.03,0.03,0.08,0.08,0.08,0.08,0.08
2024-07-31,podkarpackie,Leski,1821,0.00,0.05,18.20,2024-07-27,2.64,0.00,0.00,0.00,0.00,0.00,0.00,0.00,0.00,0.00,0.00,0.00,0.00,0.00,0.05,0.05
2024-07-31,podkarpackie,Krosno,1861,0.00,0.09,43.24,2024-07-27,4.59,0.00,0.00,0.00,0.00,0.00,0.00,0.00,0.00,0.00,0.00,0.03,0.03,0.03,0.06,0.09
2024-07-31,podkarpackie,Przemyśl,1862,0.00,0.05,43.57,2024-07-27,5.98,0.02,0.02,0.02,0.02,0.02,0.02,0.00,0.00,0.02,0.02,0.02,0.02,0.02,0.05,0.05
2024-07-31,podkarpackie,Rzeszów,1863,0.00,0.04,66.16,2024-07-27,19.66,0.01,0.00,0.00,0.01,0.01,0.01,0.01,0.01,0.01,0.01,0.01,0.01,0.01,0.03,0.04
2024-07-31,podkarpackie,Tarnobrzeg,1864,0.00,0.06,45.91,2024-07-27,4.64,0.03,0.03,0.03,0.03,0.03,0.03,0.15,0.15,0.15,0.15,0.15,0.15,0.15,0.09,0.06
2024-07-31,podlaskie,Augustowski,2001,0.00,0.10,27.55,2024-07-27,5.77,0.05,0.07,0.10,0.10,0.10,0.10,0.10,0.07,0.07,0.07,0.07,0.07,0.07,0.10,0.10
2024-07-31,podlaskie,Białostocki,2002,0.07,0.16,20.22,2024-07-27,15.08,0.04,0.03,0.03,0.04,0.04,0.04,0.03,0.03,0.08,0.11,0.13,0.14,0.14,0.16,0.16
2024-07-31,podlaskie,Bielski,2003,0.00,0.10,26.97,2024-07-27,5.37,0.08,0.08,0.08,0.10,0.13,0.13,0.13,0.10,0.10,0.10,0.10,0.08,0.08,0.05,0.10
2024-07-31,podlaskie,Grajewski,2004,0.00,0.03,19.67,2024-07-27,4.68,0.00,0.00,0.00,0.00,0.00,0.00,0.00,0.00,0.00,0.00,0.00,0.00,0.00,0.03,0.03
2024-07-31,podlaskie,Hajnowski,2005,0.24,0.20,32.19,2024-07-27,4.20,0.10,0.03,0.03,0.03,0.03,0.03,0.27,0.37,0.37,0.37,0.47,0.47,0.47,0.30,0.20
2024-07-31,podlaskie,Kolneński,2006,0.00,0.15,15.58,2024-07-27,3.79,0.04,0.00,0.00,0.00,0.00,0.00,0.00,0.00,0.00,0.08,0.08,0.08,0.08,0.08,0.15
2024-07-31,podlaskie,Łomżyński,2007,0.00,0.03,7.81,2024-07-27,5.08,0.00,0.00,0.00,0.00,0.00,0.00,0.00,0.03,0.03,0.03,0.03,0.03,0.03,0.06,0.03
2024-07-31,podlaskie,Moniecki,2008,0.00,0.07,22.67,2024-07-27,4.01,0.00,0.00,0.00,0.00,0.00,0.00,0.00,0.00,0.04,0.07,0.07,0.07,0.07,0.07,0.07
2024-07-31,podlaskie,Sejneński,2009,0.00,0.43,23.34,2024-07-27,1.97,0.14,0.07,0.29,0.43,0.43,0.43,0.65,0.65,0.72,0.57,0.43,0.43,0.43,0.29,0.43
2024-07-31,podlaskie,Siemiatycki,2010,0.00,0.16,22.12,2024-07-27,4.36,0.03,0.03,0.03,0.03,0.03,0.03,0.07,0.03,0.07,0.10,0.16,0.16,0.16,0.16,0.16
2024-07-31,podlaskie,Sokólski,2011,0.00,0.04,26.40,2024-07-27,6.59,0.11,0.09,0.09,0.06,0.06,0.06,0.02,0.00,0.02,0.02,0.04,0.04,0.04,0.04,0.04
2024-07-31,podlaskie,Suwalski,2012,0.00,0.08,10.08,2024-07-27,3.56,0.08,0.08,0.08,0.04,0.04,0.04,0.04,0.00,0.00,0.04,0.08,0.08,0.08,0.08,0.08
2024-07-31,podlaskie,Wysokomazowiecki,2013,0.00,0.03,26.05,2024-07-27,5.64,0.00,0.03,0.03,0.03,0.03,0.03,0.03,0.03,0.00,0.03,0.03,0.03,0.03,0.03,0.03
2024-07-31,podlaskie,Zambrowski,2014,0.00,0.23,23.95,2024-07-27,4.32,0.07,0.07,0.10,0.10,0.10,0.10,0.13,0.07,0.10,0.13,0.13,0.13,0.13,0.20,0.23
2024-07-31,podlaskie,Białystok,2061,0.00,0.16,53.02,2024-07-27,29.70,0.09,0.09,0.08,0.09,0.09,0.09,0.11,0.14,0.14,0.15,0.16,0.16,0.16,0.19,0.16
2024-07-31,podlaskie,Łomża,2062,0.00,0.14,41.34,2024-07-27,6.26,0.07,0.07,0.09,0.11,0.11,0.11,0.09,0.09,0.09,0.07,0.05,0.05,0.05,0.07,0.14
2024-07-31,podlaskie,Suwałki,2063,0.00,0.02,40.79,2024-07-27,6.96,0.04,0.06,0.06,0.04,0.04,0.04,0.04,0.02,0.00,0.00,0.00,0.00,0.00,0.02,0.02
2024-07-31,pomorskie,Bytowski,2201,0.00,0.09,31.22,2024-07-27,7.91,0.11,0.13,0.09,0.09,0.09,0.09,0.13,0.20,0.16,0.14,0.14,0.14,0.14,0.13,0.09
2024-07-31,pomorskie,Chojnicki,2202,0.00,0.01,39.94,2024-07-27,9.77,0.00,0.00,0.00,0.01,0.01,0.01,0.01,0.01,0.01,0.01,0.00,0.00,0.00,0.00,0.01
2024-07-31,pomorskie,Człuchowski,2203,0.00,0.08,31.26,2024-07-27,5.58,0.00,0.00,0.00,0.03,0.03,0.03,0.03,0.03,0.03,0.08,0.05,0.05,0.05,0.08,0.08
2024-07-31,pomorskie,Gdański,2204,0.00,0.04,36.30,2024-07-27,12.03,0.00,0.00,0.00,0.00,0.00,0.01,0.01,0.01,0.04,0.04,0.05,0.05,0.04,0.04,0.04
2024-07-31,pomorskie,Kartuski,2205,0.00,0.03,26.63,2024-07-27,14.19,0.03,0.02,0.03,0.02,0.02,0.02,0.02,0.02,0.02,0.01,0.02,0.01,0.02,0.03,0.03
2024-07-31,pomorskie,Kościerski,2206,0.00,0.04,34.16,2024-07-27,7.29,0.02,0.02,0.02,0.00,0.00,0.00,0.02,0.02,0.02,0.02,0.04,0.04,0.04,0.02,0.04
2024-07-31,pomorskie,Kwidzyński,2207,0.00,0.05,35.23,2024-07-27,8.30,0.00,0.00,0.00,0.00,0.00,0.00,0.00,0.02,0.03,0.05,0.05,0.05,0.05,0.05,0.05
2024-07-31,pomorskie,Lęborski,2208,0.00,0.04,41.47,2024-07-27,6.61,0.00,0.00,0.02,0.04,0.04,0.04,0.04,0.04,0.04,0.02,0.02,0.02,0.02,0.04,0.04
2024-07-31,pomorskie,Malborski,2209,0.00,0.00,37.63,2024-07-27,6.32,0.00,0.00,0.00,0.00,0.00,0.00,0.02,0.02,0.02,0.02,0.02,0.02,0.02,0.00,0.00
2024-07-31,pomorskie,Nowodworski,2210,0.00,0.04,37.78,2024-07-27,3.54,0.12,0.12,0.08,0.12,0.12,0.12,0.12,0.08,0.08,0.08,0.04,0.04,0.04,0.08,0.04
2024-07-31,pomorskie,Pucki,2211,0.00,0.13,30.27,2024-07-27,8.76,0.05,0.05,0.05,0.03,0.03,0.03,0.03,0.03,0.03,0.06,0.08,0.08,0.08,0.11,0.13
2024-07-31,pomorskie,Słupski,2212,0.00,0.03,24.32,2024-07-27,9.88,0.04,0.03,0.03,0.04,0.04,0.04,0.04,0.01,0.03,0.03,0.03,0.03,0.03,0.03,0.03
2024-07-31,pomorskie,Starogardzki,2213,0.00,0.03,34.24,2024-07-27,12.82,0.00,0.00,0.00,0.00,0.00,0.00,0.00,0.00,0.00,0.00,0.00,0.00,0.00,0.01,0.03
2024-07-31,pomorskie,Tczewski,2214,0.00,0.12,41.04,2024-07-27,11.52,0.05,0.05,0.04,0.05,0.05,0.05,0.10,0.11,0.14,0.17,0.18,0.18,0.18,0.14,0.12
2024-07-31,pomorskie,Wejherowski,2215,0.00,0.07,35.35,2024-07-27,21.95,0.01,0.01,0.01,0.01,0.01,0.01,0.01,0.02,0.01,0.03,0.03,0.03,0.03,0.08,0.07
2024-07-31,pomorskie,Sztumski,2216,0.00,0.00,37.56,2024-07-27,4.11,0.10,0.10,0.10,0.10,0.10,0.10,0.00,0.00,0.00,0.00,0.00,0.00,0.00,0.00,0.00
2024-07-31,pomorskie,Gdańsk,2261,0.00,0.09,69.32,2024-07-27,47.08,0.03,0.02,0.03,0.03,0.03,0.03,0.05,0.05,0.06,0.07,0.09,0.09,0.09,0.08,0.09
2024-07-31,pomorskie,Gdynia,2262,0.00,0.07,63.18,2024-07-27,24.50,0.04,0.06,0.06,0.05,0.05,0.05,0.06,0.09,0.09,0.08,0.09,0.09,0.09,0.09,0.07
2024-07-31,pomorskie,Słupsk,2263,0.00,0.16,62.73,2024-07-27,8.98,0.05,0.05,0.05,0.06,0.06,0.06,0.03,0.03,0.09,0.11,0.13,0.13,0.13,0.16,0.16
2024-07-31,pomorskie,Sopot,2264,0.00,0.00,89.54,2024-07-27,3.53,0.00,0.00,0.00,0.00,0.00,0.00,0.00,0.04,0.04,0.04,0.04,0.04,0.04,0.04,0.00
2024-07-31,śląskie,Będziński,2401,0.00,0.05,40.32,2024-07-27,14.73,0.01,0.01,0.02,0.02,0.02,0.02,0.01,0.01,0.02,0.04,0.04,0.04,0.04,0.04,0.05
2024-07-31,śląskie,Bielski,2402,0.00,0.05,31.36,2024-07-27,16.63,0.00,0.02,0.02,0.03,0.03,0.03,0.04,0.04,0.03,0.03,0.03,0.03,0.04,0.03,0.05
2024-07-31,śląskie,Cieszyński,2403,0.00,0.02,35.47,2024-07-27,17.75,0.01,0.01,0.01,0.02,0.02,0.02,0.02,0.02,0.02,0.02,0.01,0.01,0.01,0.00,0.02
2024-07-31,śląskie,Częstochowski,2404,0.00,0.01,27.48,2024-07-27,13.41,0.00,0.00,0.00,0.00,0.00,0.00,0.01,0.01,0.02,0.02,0.02,0.02,0.02,0.01,0.01
2024-07-31,śląskie,Gliwicki,2405,0.00,0.00,52.86,2024-07-27,11.54,0.05,0.04,0.04,0.06,0.06,0.06,0.05,0.05,0.05,0.05,0.01,0.01,0.01,0.01,0.00
2024-07-31,śląskie,Kłobucki,2406,0.00,0.12,25.02,2024-07-27,8.43,0.02,0.02,0.02,0.00,0.00,0.00,0.02,0.02,0.02,0.05,0.07,0.07,0.09,0.09,0.12
2024-07-31,śląskie,Lubliniecki,2407,0.00,0.00,30.07,2024-07-27,7.61,0.02,0.02,0.02,0.00,0.00,0.00,0.00,0.00,0.00,0.00,0.00,0.00,0.00,0.00,0.00
2024-07-31,śląskie,Mikołowski,2408,0.00,0.01,24.69,2024-07-27,9.92,0.04,0.04,0.04,0.03,0.03,0.03,0.01,0.00,0.00,0.00,0.00,0.00,0.00,0.00,0.01
2024-07-31,śląskie,Myszkowski,2409,0.00,0.02,32.00,2024-07-27,7.05,0.00,0.02,0.02,0.02,0.02,0.02,0.02,0.02,0.00,0.02,0.02,0.02,0.02,0.02,0.02
2024-07-31,śląskie,Pszczyński,2410,0.00,0.06,31.91,2024-07-27,11.18,0.00,0.00,0.00,0.00,0.00,0.00,0.01,0.01,0.01,0.03,0.05,0.05,0.05,0.06,0.06
2024-07-31,śląskie,Raciborski,2411,0.00,0.05,31.12,2024-07-27,10.74,0.00,0.00,0.01,0.01,0.01,0.01,0.01,0.01,0.05,0.04,0.04,0.04,0.04,0.04,0.05
2024-07-31,śląskie,Rybnicki,2412,0.00,0.04,15.56,2024-07-27,7.82,0.02,0.04,0.06,0.06,0.06,0.06,0.07,0.07,0.06,0.04,0.04,0.04,0.04,0.02,0.04
2024-07-31,śląskie,Tarnogórski,2413,0.00,0.08,43.29,2024-07-27,14.08,0.01,0.01,0.01,0.01,0.01,0.01,0.01,0.01,0.01,0.01,0.03,0.03,0.03,0.02,0.08
2024-07-31,śląskie,Bieruńsko-Lędziński,2414,0.00,0.00,28.92,2024-07-27,5.98,0.07,0.07,0.07,0.05,0.05,0.05,0.00,0.02,0.02,0.02,0.02,0.02,0.02,0.02,0.00
2024-07-31,śląskie,Wodzisławski,2415,0.00,0.13,34.12,2024-07-27,15.66,0.02,0.03,0.03,0.07,0.07,0.07,0.08,0.10,0.12,0.13,0.09,0.09,0.09,0.13,0.13
2024-07-31,śląskie,Zawierciański,2416,0.00,0.03,39.73,2024-07-27,11.67,0.01,0.01,0.03,0.03,0.03,0.03,0.01,0.01,0.01,0.01,0.03,0.03,0.03,0.03,0.03
2024-07-31,śląskie,Żywiecki,2417,0.00,0.02,27.98,2024-07-27,15.22,0.01,0.01,0.01,0.01,0.01,0.01,0.01,0.00,0.00,0.01,0.01,0.01,0.01,0.02,0.02
2024-07-31,śląskie,Bielsko-Biała,2461,0.00,0.05,57.25,2024-07-27,16.98,0.03,0.04,0.04,0.08,0.08,0.08,0.07,0.07,0.07,0.06,0.03,0.03,0.03,0.06,0.05
2024-07-31,śląskie,Bytom,2462,0.00,0.03,36.99,2024-07-27,16.33,0.04,0.03,0.03,0.05,0.05,0.05,0.08,0.06,0.06,0.06,0.04,0.04,0.04,0.03,0.03
2024-07-31,śląskie,Chorzów,2463,0.00,0.09,48.65,2024-07-27,10.68,0.01,0.03,0.03,0.01,0.01,0.01,0.03,0.04,0.04,0.08,0.08,0.08,0.08,0.09,0.09
2024-07-31,śląskie,Częstochowa,2464,0.00,0.05,62.89,2024-07-27,21.75,0.01,0.01,0.00,0.00,0.00,0.00,0.01,0.01,0.01,0.01,0.03,0.03,0.03,0.04,0.05
2024-07-31,śląskie,Dąbrowa Górnicza,2465,0.00,0.08,47.15,2024-07-27,11.83,0.02,0.04,0.04,0.05,0.05,0.05,0.06,0.08,0.06,0.06,0.07,0.07,0.07,0.08,0.08
2024-07-31,śląskie,Gliwice,2466,0.00,0.05,52.99,2024-07-27,17.70,0.03,0.04,0.03,0.02,0.02,0.02,0.03,0.02,0.01,0.02,0.03,0.03,0.03,0.04,0.05
2024-07-31,śląskie,Jastrzębie-Zdrój,2467,0.00,0.24,41.92,2024-07-27,8.80,0.10,0.13,0.13,0.16,0.16,0.16,0.18,0.15,0.16,0.16,0.16,0.16,0.16,0.18,0.24
2024-07-31,śląskie,Jaworzno,2468,0.00,0.06,41.18,2024-07-27,9.04,0.03,0.03,0.03,0.02,0.02,0.00,0.00,0.00,0.03,0.03,0.03,0.03,0.03,0.03,0.06
2024-07-31,śląskie,Katowice,2469,0.00,0.09,66.03,2024-07-27,29.06,0.04,0.04,0.03,0.02,0.02,0.02,0.02,0.02,0.05,0.04,0.05,0.05,0.05,0.07,0.09
2024-07-31,śląskie,Mysłowice,2470,0.00,0.06,36.69,2024-07-27,7.46,0.02,0.02,0.02,0.02,0.00,0.00,0.00,0.02,0.06,0.08,0.08,0.08,0.08,0.08,0.06
2024-07-31,śląskie,Piekary Śląskie,2471,0.00,0.03,49.98,2024-07-27,5.47,0.00,0.03,0.03,0.03,0.03,0.03,0.05,0.05,0.03,0.03,0.03,0.03,0.03,0.03,0.03
2024-07-31,śląskie,Ruda Śląska,2472,0.00,0.02,47.58,2024-07-27,13.64,0.06,0.06,0.04,0.03,0.03,0.03,0.04,0.05,0.04,0.04,0.04,0.04,0.04,0.04,0.02
2024-07-31,śląskie,Rybnik,2473,0.00,0.00,35.80,2024-07-27,13.71,0.00,0.00,0.02,0.02,0.02,0.02,0.05,0.06,0.06,0.04,0.04,0.04,0.04,0.01,0.00
2024-07-31,śląskie,Siemianowice Śląskie,2474,0.00,0.11,54.32,2024-07-27,6.63,0.02,0.02,0.02,0.06,0.06,0.06,0.13,0.15,0.15,0.15,0.13,0.13,0.13,0.06,0.11
2024-07-31,śląskie,Sosnowiec,2475,0.00,0.06,56.01,2024-07-27,19.76,0.01,0.01,0.03,0.03,0.03,0.03,0.04,0.04,0.04,0.01,0.01,0.01,0.01,0.04,0.06
2024-07-31,śląskie,Świętochłowice,2476,0.00,0.00,32.33,2024-07-27,4.91,0.06,0.06,0.06,0.06,0.06,0.06,0.06,0.03,0.03,0.00,0.00,0.00,0.00,0.00,0.00
2024-07-31,śląskie,Tychy,2477,0.00,0.02,46.75,2024-07-27,12.69,0.00,0.00,0.00,0.00,0.00,0.00,0.00,0.00,0.01,0.01,0.01,0.01,0.01,0.01,0.02
2024-07-31,śląskie,Zabrze,2478,0.00,0.03,35.59,2024-07-27,17.09,0.01,0.02,0.02,0.01,0.01,0.01,0.01,0.01,0.01,0.01,0.01,0.01,0.02,0.03,0.03
2024-07-31,śląskie,Żory,2479,0.00,0.05,37.92,2024-07-27,6.28,0.05,0.07,0.07,0.02,0.02,0.02,0.07,0.07,0.05,0.05,0.05,0.05,0.05,0.05,0.05
2024-07-31,świętokrzyskie,Buski,2601,0.00,0.00,29.49,2024-07-27,7.11,0.00,0.00,0.00,0.00,0.00,0.00,0.00,0.00,0.00,0.00,0.00,0.00,0.00,0.00,0.00
2024-07-31,świętokrzyskie,Jędrzejowski,2602,0.00,0.00,34.22,2024-07-27,8.49,0.00,0.00,0.00,0.00,0.00,0.00,0.00,0.00,0.00,0.00,0.00,0.00,0.00,0.00,0.00
2024-07-31,świętokrzyskie,Kazimierski,2603,0.00,0.00,28.33,2024-07-27,3.33,0.00,0.00,0.00,0.00,0.00,0.00,0.00,0.00,0.00,0.00,0.00,0.00,0.00,0.00,0.00
2024-07-31,świętokrzyskie,Kielecki,2604,0.00,0.02,20.86,2024-07-27,21.10,0.02,0.02,0.02,0.01,0.01,0.01,0.03,0.05,0.05,0.06,0.06,0.06,0.06,0.04,0.02
2024-07-31,świętokrzyskie,Konecki,2605,0.00,0.27,31.45,2024-07-27,7.91,0.02,0.02,0.02,0.04,0.04,0.04,0.09,0.14,0.18,0.22,0.23,0.25,0.25,0.23,0.27
2024-07-31,świętokrzyskie,Opatowski,2606,0.00,0.22,23.39,2024-07-27,5.15,0.00,0.03,0.08,0.14,0.14,0.14,0.17,0.17,0.25,0.22,0.19,0.19,0.19,0.22,0.22
2024-07-31,świętokrzyskie,Ostrowiecki,2607,0.00,0.04,37.12,2024-07-27,10.77,0.03,0.03,0.01,0.00,0.00,0.00,0.00,0.01,0.03,0.03,0.04,0.04,0.04,0.04,0.04
2024-07-31,świętokrzyskie,Pińczowski,2608,0.00,0.00,29.45,2024-07-27,3.85,0.00,0.00,0.00,0.00,0.00,0.00,0.00,0.00,0.00,0.00,0.00,0.00,0.00,0.00,0.00
2024-07-31,świętokrzyskie,Sandomierski,2609,0.00,0.09,30.03,2024-07-27,7.63,0.02,0.00,0.02,0.11,0.11,0.11,0.17,0.17,0.19,0.17,0.07,0.07,0.07,0.06,0.09
2024-07-31,świętokrzyskie,Skarżyski,2610,0.00,0.25,38.02,2024-07-27,7.32,0.02,0.06,0.06,0.04,0.04,0.04,0.04,0.08,0.14,0.16,0.16,0.16,0.16,0.23,0.25
2024-07-31,świętokrzyskie,Starachowicki,2611,0.00,0.06,31.35,2024-07-27,8.85,0.03,0.00,0.00,0.03,0.03,0.03,0.05,0.05,0.05,0.06,0.05,0.05,0.05,0.05,0.06
2024-07-31,świętokrzyskie,Staszowski,2612,0.00,0.14,22.32,2024-07-27,7.13,0.06,0.02,0.04,0.04,0.04,0.04,0.02,0.02,0.06,0.04,0.06,0.06,0.06,0.08,0.14
2024-07-31,świętokrzyskie,Włoszczowski,2613,0.00,0.06,30.87,2024-07-27,4.47,0.00,0.00,0.00,0.00,0.00,0.00,0.00,0.03,0.03,0.03,0.06,0.06,0.06,0.09,0.06
2024-07-31,świętokrzyskie,Kielce,2661,0.00,0.08,54.09,2024-07-27,19.34,0.04,0.02,0.02,0.02,0.02,0.02,0.04,0.05,0.06,0.06,0.06,0.08,0.08,0.09,0.08
2024-07-31,warmińsko-mazurskie,Bartoszycki,2801,0.00,0.08,37.60,2024-07-27,5.66,0.00,0.00,0.00,0.00,0.00,0.00,0.00,0.03,0.03,0.05,0.05,0.05,0.05,0.10,0.08
2024-07-31,warmińsko-mazurskie,Braniewski,2802,0.00,0.00,32.16,2024-07-27,4.08,0.03,0.03,0.07,0.07,0.07,0.07,0.17,0.21,0.21,0.17,0.17,0.17,0.17,0.07,0.00
2024-07-31,warmińsko-mazurskie,Działdowski,2803,0.00,0.13,36.38,2024-07-27,6.48,0.11,0.07,0.13,0.11,0.11,0.11,0.11,0.13,0.22,0.18,0.18,0.18,0.18,0.15,0.13
2024-07-31,warmińsko-mazurskie,Elbląski,2804,0.00,0.03,27.17,2024-07-27,5.70,0.00,0.00,0.00,0.00,0.00,0.00,0.00,0.00,0.00,0.03,0.03,0.03,0.03,0.03,0.03
2024-07-31,warmińsko-mazurskie,Ełcki,2805,0.00,0.05,34.08,2024-07-27,9.14,0.02,0.03,0.06,0.06,0.06,0.06,0.06,0.08,0.06,0.06,0.06,0.06,0.06,0.06,0.05
2024-07-31,warmińsko-mazurskie,Giżycki,2806,0.00,0.10,40.88,2024-07-27,5.62,0.00,0.00,0.00,0.00,0.00,0.00,0.00,0.00,0.00,0.03,0.03,0.03,0.03,0.05,0.10
2024-07-31,warmińsko-mazurskie,Iławski,2807,0.00,0.20,35.55,2024-07-27,9.26,0.05,0.06,0.08,0.14,0.14,0.14,0.17,0.19,0.19,0.22,0.17,0.17,0.17,0.19,0.20
2024-07-31,warmińsko-mazurskie,Kętrzyński,2808,0.00,0.07,38.14,2024-07-27,6.18,0.00,0.00,0.00,0.02,0.02,0.02,0.02,0.02,0.02,0.09,0.07,0.07,0.07,0.07,0.07
2024-07-31,warmińsko-mazurskie,Lidzbarski,2809,0.00,0.10,30.35,2024-07-27,4.09,0.14,0.14,0.14,0.07,0.07,0.07,0.03,0.00,0.00,0.03,0.07,0.07,0.07,0.10,0.10
2024-07-31,warmińsko-mazurskie,Mrągowski,2810,0.00,0.06,32.25,2024-07-27,4.94,0.06,0.06,0.06,0.09,0.09,0.09,0.06,0.06,0.03,0.06,0.03,0.03,0.03,0.06,0.06
2024-07-31,warmińsko-mazurskie,Nidzicki,2811,0.00,0.44,41.19,2024-07-27,3.26,0.09,0.09,0.09,0.09,0.09,0.09,0.04,0.35,0.39,0.57,0.70,0.70,0.70,0.70,0.44
2024-07-31,warmińsko-mazurskie,Nowomiejski,2812,0.00,0.07,33.76,2024-07-27,4.37,0.10,0.10,0.07,0.03,0.03,0.03,0.03,0.03,0.03,0.03,0.03,0.03,0.03,0.07,0.07
2024-07-31,warmińsko-mazurskie,Olecki,2813,0.00,0.00,29.50,2024-07-27,3.40,0.00,0.04,0.04,0.04,0.04,0.04,0.04,0.04,0.00,0.00,0.00,0.00,0.00,0.00,0.00
2024-07-31,warmińsko-mazurskie,Olsztyński,2814,0.00,0.14,27.72,2024-07-27,12.75,0.05,0.05,0.01,0.01,0.01,0.01,0.03,0.05,0.08,0.11,0.11,0.11,0.11,0.11,0.14
2024-07-31,warmińsko-mazurskie,Ostródzki,2815,0.00,0.17,28.05,2024-07-27,10.35,0.08,0.06,0.03,0.04,0.04,0.04,0.03,0.06,0.08,0.12,0.14,0.14,0.14,0.19,0.17
2024-07-31,warmińsko-mazurskie,Piski,2816,0.00,0.03,29.22,2024-07-27,5.58,0.00,0.00,0.00,0.00,0.00,0.00,0.00,0.00,0.00,0.00,0.00,0.00,0.00,0.00,0.03
2024-07-31,warmińsko-mazurskie,Szczycieński,2817,0.00,0.16,34.01,2024-07-27,6.91,0.00,0.04,0.04,0.04,0.04,0.04,0.06,0.08,0.04,0.04,0.06,0.06,0.06,0.10,0.16
2024-07-31,warmińsko-mazurskie,Gołdapski,2818,0.00,0.11,30.57,2024-07-27,2.65,0.05,0.05,0.05,0.00,0.00,0.00,0.00,0.00,0.00,0.00,0.00,0.00,0.00,0.11,0.11
2024-07-31,warmińsko-mazurskie,Węgorzewski,2819,0.00,0.70,41.39,2024-07-27,2.24,0.00,0.00,0.00,0.00,0.00,0.00,0.13,0.19,0.25,0.57,0.63,0.63,0.63,0.57,0.70
2024-07-31,warmińsko-mazurskie,Elbląg,2861,0.00,0.07,51.88,2024-07-27,11.86,0.04,0.04,0.06,0.07,0.07,0.07,0.08,0.06,0.07,0.07,0.06,0.06,0.06,0.05,0.07
2024-07-31,warmińsko-mazurskie,Olsztyn,2862,0.00,0.06,62.86,2024-07-27,17.12,0.03,0.03,0.04,0.03,0.03,0.03,0.04,0.03,0.04,0.04,0.04,0.04,0.04,0.04,0.06
2024-07-31,wielkopolskie,Chodzieski,3001,0.00,0.00,35.98,2024-07-27,4.68,0.00,0.00,0.00,0.00,0.00,0.00,0.00,0.00,0.00,0.00,0.00,0.00,0.00,0.00,0.00
2024-07-31,wielkopolskie,Czarnkowsko-Trzcianecki,3002,0.00,0.03,38.79,2024-07-27,8.66,0.00,0.00,0.00,0.00,0.00,0.00,0.00,0.03,0.07,0.07,0.07,0.07,0.07,0.07,0.03
2024-07-31,wielkopolskie,Gnieźnieński,3003,0.00,0.11,40.13,2024-07-27,14.51,0.02,0.03,0.06,0.05,0.05,0.05,0.08,0.10,0.09,0.09,0.10,0.10,0.10,0.12,0.11
2024-07-31,wielkopolskie,Gostyński,3004,0.00,0.11,33.51,2024-07-27,7.57,0.04,0.02,0.06,0.04,0.04,0.04,0.07,0.13,0.13,0.09,0.09,0.09,0.09,0.13,0.11
2024-07-31,wielkopolskie,Grodziski,3005,0.00,0.03,25.35,2024-07-27,5.19,0.05,0.05,0.03,0.06,0.06,0.06,0.06,0.06,0.06,0.08,0.03,0.03,0.03,0.03,0.03
2024-07-31,wielkopolskie,Jarociński,3006,0.00,0.00,35.07,2024-07-27,7.14,0.00,0.00,0.00,0.00,0.00,0.00,0.00,0.00,0.00,0.00,0.00,0.00,0.00,0.00,0.00
2024-07-31,wielkopolskie,Kaliski,3007,0.00,0.05,21.06,2024-07-27,8.29,0.05,0.05,0.05,0.05,0.05,0.05,0.02,0.00,0.02,0.05,0.05,0.05,0.05,0.05,0.05
2024-07-31,wielkopolskie,Kępiński,3008,0.00,0.00,25.64,2024-07-27,5.63,0.03,0.03,0.03,0.00,0.00,0.00,0.00,0.00,0.00,0.00,0.00,0.00,0.00,0.00,0.00
2024-07-31,wielkopolskie,Kolski,3009,0.00,0.00,28.17,2024-07-27,8.61,0.00,0.00,0.00,0.00,0.00,0.00,0.00,0.00,0.00,0.00,0.00,0.00,0.00,0.00,0.00
2024-07-31,wielkopolskie,Koniński,3010,0.00,0.06,22.56,2024-07-27,12.99,0.00,0.00,0.01,0.01,0.01,0.01,0.01,0.01,0.02,0.01,0.01,0.01,0.01,0.04,0.06
2024-07-31,wielkopolskie,Kościański,3011,0.00,0.00,37.96,2024-07-27,7.89,0.00,0.00,0.00,0.00,0.00,0.00,0.00,0.00,0.00,0.00,0.00,0.00,0.00,0.00,0.00
2024-07-31,wielkopolskie,Krotoszyński,3012,0.00,0.28,33.25,2024-07-27,7.70,0.11,0.11,0.09,0.13,0.13,0.13,0.11,0.13,0.11,0.15,0.13,0.13,0.13,0.24,0.28
2024-07-31,wielkopolskie,Leszczyński,3013,0.00,0.00,16.28,2024-07-27,5.79,0.00,0.00,0.00,0.00,0.00,0.00,0.00,0.00,0.00,0.00,0.00,0.00,0.00,0.00,0.00
2024-07-31,wielkopolskie,Międzychodzki,3014,0.00,0.00,35.43,2024-07-27,3.66,0.00,0.00,0.00,0.00,0.00,0.00,0.00,0.00,0.00,0.00,0.00,0.00,0.00,0.00,0.00
2024-07-31,wielkopolskie,Nowotomyski,3015,0.00,0.13,35.58,2024-07-27,7.56,0.02,0.04,0.04,0.04,0.04,0.04,0.06,0.07,0.07,0.09,0.11,0.11,0.11,0.09,0.13
2024-07-31,wielkopolskie,Obornicki,3016,0.00,0.07,51.26,2024-07-27,5.98,0.05,0.05,0.05,0.07,0.07,0.07,0.10,0.10,0.14,0.12,0.09,0.09,0.09,0.05,0.07
2024-07-31,wielkopolskie,Ostrowski,3017,0.00,0.01,33.34,2024-07-27,16.14,0.01,0.01,0.01,0.01,0.01,0.02,0.01,0.01,0.02,0.02,0.02,0.02,0.01,0.01,0.01
2024-07-31,wielkopolskie,Ostrzeszowski,3018,0.00,0.05,28.08,2024-07-27,5.53,0.00,0.00,0.00,0.00,0.00,0.00,0.00,0.00,0.05,0.05,0.05,0.05,0.05,0.05,0.05
2024-07-31,wielkopolskie,Pilski,3019,0.00,0.04,39.27,2024-07-27,13.55,0.01,0.00,0.00,0.01,0.01,0.01,0.01,0.04,0.05,0.05,0.04,0.04,0.04,0.04,0.04
2024-07-31,wielkopolskie,Pleszewski,3020,0.00,0.00,37.69,2024-07-27,6.28,0.02,0.02,0.00,0.00,0.00,0.00,0.00,0.00,0.00,0.00,0.00,0.00,0.00,0.00,0.00
2024-07-31,wielkopolskie,Poznański,3021,0.00,0.09,37.99,2024-07-27,40.66,0.03,0.03,0.04,0.03,0.03,0.03,0.04,0.04,0.06,0.05,0.05,0.06,0.06,0.08,0.09
2024-07-31,wielkopolskie,Rawicki,3022,0.00,0.09,42.00,2024-07-27,6.02,0.02,0.02,0.02,0.02,0.02,0.02,0.00,0.09,0.09,0.09,0.09,0.09,0.09,0.19,0.09
2024-07-31,wielkopolskie,Słupecki,3023,0.00,0.05,28.71,2024-07-27,5.90,0.02,0.02,0.02,0.02,0.02,0.02,0.02,0.00,0.00,0.00,0.00,0.00,0.00,0.05,0.05
2024-07-31,wielkopolskie,Szamotulski,3024,0.00,0.06,42.87,2024-07-27,9.17,0.05,0.06,0.09,0.09,0.09,0.09,0.06,0.06,0.05,0.02,0.02,0.02,0.02,0.06,0.06
2024-07-31,wielkopolskie,Średzki,3025,0.00,0.05,39.90,2024-07-27,5.91,0.02,0.02,0.02,0.00,0.00,0.00,0.07,0.07,0.10,0.10,0.10,0.10,0.10,0.02,0.05
2024-07-31,wielkopolskie,Śremski,3026,0.00,0.05,31.24,2024-07-27,6.15,0.00,0.00,0.00,0.02,0.02,0.02,0.02,0.02,0.02,0.02,0.00,0.00,0.00,0.05,0.05
2024-07-31,wielkopolskie,Turecki,3027,0.00,0.00,30.12,2024-07-27,8.36,0.00,0.00,0.00,0.00,0.00,0.00,0.00,0.00,0.00,0.00,0.00,0.00,0.00,0.00,0.00
2024-07-31,wielkopolskie,Wągrowiecki,3028,0.00,0.08,20.39,2024-07-27,7.01,0.00,0.00,0.04,0.04,0.04,0.04,0.04,0.04,0.08,0.04,0.06,0.06,0.06,0.08,0.08
2024-07-31,wielkopolskie,Wolsztyński,3029,0.00,0.15,40.27,2024-07-27,5.74,0.00,0.02,0.02,0.02,0.02,0.02,0.05,0.05,0.05,0.07,0.07,0.07,0.07,0.12,0.15
2024-07-31,wielkopolskie,Wrzesiński,3030,0.00,0.06,37.65,2024-07-27,7.80,0.02,0.00,0.00,0.00,0.00,0.00,0.00,0.00,0.02,0.02,0.02,0.02,0.02,0.06,0.06
2024-07-31,wielkopolskie,Złotowski,3031,0.00,0.00,29.92,2024-07-27,6.92,0.04,0.04,0.04,0.06,0.06,0.06,0.06,0.04,0.04,0.04,0.02,0.02,0.02,0.00,0.00
2024-07-31,wielkopolskie,Kalisz,3061,0.00,0.01,47.16,2024-07-27,9.91,0.00,0.00,0.01,0.01,0.01,0.01,0.01,0.01,0.01,0.00,0.00,0.00,0.00,0.00,0.01
2024-07-31,wielkopolskie,Konin,3062,0.00,0.08,66.00,2024-07-27,7.25,0.06,0.02,0.02,0.04,0.04,0.04,0.06,0.04,0.04,0.04,0.04,0.04,0.04,0.02,0.08
2024-07-31,wielkopolskie,Leszno,3063,0.00,0.00,57.35,2024-07-27,6.29,0.02,0.02,0.02,0.02,0.02,0.02,0.00,0.00,0.00,0.00,0.00,0.00,0.00,0.00,0.00
2024-07-31,wielkopolskie,Poznań,3064,0.02,0.09,106.75,2024-07-27,53.20,0.04,0.02,0.04,0.04,0.05,0.05,0.05,0.08,0.09,0.09,0.09,0.09,0.09,0.10,0.09
2024-07-31,zachodniopomorskie,Białogardzki,3201,0.00,0.06,30.72,2024-07-27,4.73,0.00,0.00,0.00,0.00,0.00,0.00,0.03,0.06,0.06,0.09,0.09,0.12,0.12,0.09,0.06
2024-07-31,zachodniopomorskie,Choszczeński,3202,0.00,0.06,40.28,2024-07-27,4.80,0.15,0.09,0.06,0.06,0.06,0.06,0.09,0.12,0.15,0.15,0.15,0.15,0.15,0.09,0.06
2024-07-31,zachodniopomorskie,Drawski,3203,0.00,0.05,40.10,2024-07-27,5.65,0.00,0.00,0.00,0.00,0.00,0.00,0.00,0.00,0.00,0.00,0.00,0.00,0.00,0.00,0.05
2024-07-31,zachodniopomorskie,Goleniowski,3204,0.00,0.03,36.43,2024-07-27,8.23,0.00,0.00,0.00,0.00,0.00,0.00,0.00,0.00,0.00,0.00,0.02,0.02,0.02,0.02,0.03
2024-07-31,zachodniopomorskie,Gryficki,3205,0.00,0.02,25.32,2024-07-27,5.98,0.00,0.00,0.00,0.00,0.00,0.00,0.00,0.00,0.00,0.00,0.00,0.00,0.00,0.00,0.02
2024-07-31,zachodniopomorskie,Gryfiński,3206,0.00,0.07,32.48,2024-07-27,8.13,0.02,0.02,0.00,0.02,0.02,0.02,0.02,0.02,0.03,0.03,0.05,0.05,0.05,0.07,0.07
2024-07-31,zachodniopomorskie,Kamieński,3207,0.00,0.03,47.77,2024-07-27,4.67,0.00,0.03,0.03,0.09,0.09,0.09,0.15,0.18,0.15,0.15,0.09,0.09,0.09,0.03,0.03
2024-07-31,zachodniopomorskie,Kołobrzeski,3208,0.00,0.18,46.43,2024-07-27,7.93,0.02,0.02,0.00,0.00,0.00,0.00,0.00,0.02,0.07,0.07,0.09,0.09,0.09,0.13,0.18
2024-07-31,zachodniopomorskie,Koszaliński,3209,0.00,0.02,20.97,2024-07-27,6.65,0.09,0.06,0.00,0.00,0.00,0.00,0.02,0.02,0.04,0.04,0.04,0.04,0.04,0.02,0.02
2024-07-31,zachodniopomorskie,Myśliborski,3210,0.00,0.04,28.84,2024-07-27,6.54,0.00,0.00,0.00,0.00,0.00,0.00,0.00,0.00,0.02,0.04,0.04,0.04,0.04,0.04,0.04
2024-07-31,zachodniopomorskie,Policki,3211,0.00,0.16,34.04,2024-07-27,8.16,0.05,0.05,0.07,0.02,0.02,0.02,0.03,0.03,0.12,0.11,0.14,0.14,0.14,0.14,0.16
2024-07-31,zachodniopomorskie,Pyrzycki,3212,0.00,0.00,33.31,2024-07-27,3.92,0.00,0.00,0.00,0.00,0.00,0.00,0.00,0.00,0.00,0.00,0.00,0.00,0.00,0.00,0.00
2024-07-31,zachodniopomorskie,Sławieński,3213,0.00,0.10,34.91,2024-07-27,5.58,0.03,0.03,0.03,0.05,0.05,0.05,0.03,0.05,0.10,0.10,0.08,0.08,0.08,0.10,0.10
2024-07-31,zachodniopomorskie,Stargardzki,3214,0.00,0.06,36.89,2024-07-27,12.01,0.06,0.06,0.06,0.07,0.07,0.07,0.07,0.04,0.04,0.06,0.05,0.05,0.05,0.06,0.06
2024-07-31,zachodniopomorskie,Szczecinecki,3215,0.00,0.00,42.61,2024-07-27,7.73,0.09,0.02,0.00,0.00,0.00,0.00,0.00,0.00,0.00,0.00,0.00,0.00,0.00,0.00,0.00
2024-07-31,zachodniopomorskie,Świdwiński,3216,0.00,0.03,38.37,2024-07-27,4.64,0.03,0.03,0.00,0.00,0.00,0.00,0.03,0.03,0.03,0.03,0.03,0.03,0.03,0.00,0.03
2024-07-31,zachodniopomorskie,Wałecki,3217,0.00,0.00,31.41,2024-07-27,5.27,0.00,0.00,0.00,0.00,0.00,0.00,0.00,0.00,0.00,0.00,0.00,0.00,0.00,0.00,0.00
2024-07-31,zachodniopomorskie,Łobeski,3218,0.00,0.08,63.81,2024-07-27,3.65,0.00,0.04,0.04,0.04,0.04,0.04,0.08,0.08,0.04,0.04,0.08,0.08,0.08,0.08,0.08
2024-07-31,zachodniopomorskie,Koszalin,3261,0.00,0.04,63.25,2024-07-27,10.62,0.03,0.01,0.00,0.01,0.01,0.01,0.01,0.03,0.03,0.03,0.04,0.04,0.04,0.04,0.04
2024-07-31,zachodniopomorskie,Szczecin,3262,0,0.09571428571,61.40211673,2024-07-27,39.83,0.07,0.09,0.10,0.10,0.10,0.10,0.12,0.12,0.10,0.09,0.09,0.09,0.09,0.10,0.10
2024-07-31,zachodniopomorskie,Świnoujście,3263,0,0.2771428571,48.74230732,2024-07-27,4.09,0.03,0.03,0.07,0.07,0.07,0.07,0.07,0.07,0.10,0.10,0.10,0.10,0.14,0.21,0.28
